// Monsters Additional Database
//
// Structure of Database :
// ID,Sprite_Name,kROName,iROName,LV,HP,SP,EXP,JEXP,Range1,ATK1,ATK2,DEF,MDEF,STR,AGI,VIT,INT,DEX,LUK,Range2,Range3,Scale,Race,Element,Mode,Speed,aDelay,aMotion,dMotion,MEXP,ExpPer,MVP1id,MVP1per,MVP2id,MVP2per,MVP3id,MVP3per,Drop1id,Drop1per,Drop2id,Drop2per,Drop3id,Drop3per,Drop4id,Drop4per,Drop5id,Drop5per,Drop6id,Drop6per,Drop7id,Drop7per,Drop8id,Drop8per,Drop9id,Drop9per,DropCardid,DropCardper

// Easter Event Monsters
//1920,EASTER_EGG,Easter Egg,Easter Egg,3,300,0,4,4,0,1,2,20,20,1,1,1,1,1,20,10,12,0,0,60,128,1000,1001,1,1,0,0,0,0,0,0,0,0,1010,250,935,500,558,300,501,200,501,200,713,800,558,300,558,300,0,0,0,0
//1921,EASTER_BUNNY,Easter Bunny,Easter Bunny,6,1800,0,60,55,1,20,26,0,40,1,36,6,1,11,80,10,10,0,2,60,181,200,1456,456,336,0,0,0,0,0,0,0,0,2250,200,515,8000,727,1200,746,1500,706,30,622,50,534,5000,0,0,0,0,4006,70

// eAthena Dev Team
//1900,VALARIS,Valaris,Valaris,99,668000,0,107250,37895,2,3220,4040,35,45,1,152,96,85,120,95,10,10,2,6,67,1973,100,1068,768,576,13000,5000,608,1000,750,400,923,3800,1466,200,2256,200,2607,800,714,500,617,3000,984,4300,985,5600,0,0,0,0,4147,1
//1901,VALARIS_WORSHIPPER,Valaris's Worshipper,Valaris's Worshipper,50,8578,0,2706,1480,1,487,590,15,25,1,75,55,1,93,45,10,12,0,6,27,1685,100,868,480,120,0,0,0,0,0,0,0,0,923,500,984,63,1464,2,607,50,610,100,503,300,2405,50,0,0,0,0,4129,1
//1902,MC_CAMERI,MC Cameri,MC Cameri,99,668000,0,107250,37895,2,3220,4040,35,45,1,152,96,85,120,95,10,10,2,6,67,1973,100,1068,768,576,13000,5000,608,1000,750,400,923,3800,1466,200,2256,200,2607,800,714,500,617,3000,984,4300,985,5600,0,0,0,0,4147,1
//1903,POKI,Poki#3,Poki#3,99,1349000,0,4093000,1526000,9,4892,9113,22,35,1,180,39,67,193,130,10,12,1,7,64,1973,120,500,672,480,92100,7000,603,5500,617,3000,1723,1000,1228,100,1236,500,617,2500,1234,75,1237,125,1722,250,1724,100,1720,50,0,0,0,0
//1904,SENTRY,Sentry,Sentry,99,668000,0,107250,37895,2,3220,4040,35,45,1,152,96,85,120,95,10,10,2,6,67,1973,100,1068,768,576,13000,5000,608,1000,750,400,923,3800,1466,200,2256,200,2607,800,714,500,617,3000,984,4300,985,5600,0,0,0,0,4147,1

//Custom Hollow Poring (overrrides/collides with META_ANDRE)
//1237,HOLLOW_PORING,Hollow Poring,Hollow Poring,1,50,0,2,1,1,7,10,0,5,1,1,1,0,6,30,10,12,1,3,21,0x83,400,1872,672,480,0,0,0,0,0,0,0,0,909,7000,1202,100,938,400,512,1000,713,1500,512,150,619,20,0,0,0,0,4001,10
//Custom Fire Poring. Warning, Colides with META_DENIRO
//1239,FIRE_PORING,Fire Poring,Fire Poring,1,50,0,2,1,1,7,10,0,5,1,1,1,1,6,30,10,12,1,3,21,131,400,1872,672,480,0,0,0,0,0,0,0,0,909,7000,1202,100,938,400,512,1000,713,1500,741,5,619,20,0,0,0,0,4001,20

//Lunar New Year 2008 Event Monster overrides
//Uncomment if event is enabled, as these drops modifications are nessecary.
//1145,MARTIN,Martin,Martin,18,1109,0,134,86,1,52,63,0,5,12,18,30,15,15,5,10,12,0,2,42,0x81,300,1480,480,480,0,0,0,0,0,0,0,0,1017,9000,1018,500,1251,10,2225,5,5009,1,10010,10,2224,15,7869,1500,0,0,4046,1
//1175,TAROU,Tarou,Tarou,11,284,0,57,28,1,34,45,0,0,1,20,11,10,24,5,10,12,0,2,27,0x91,150,1744,1044,684,0,0,0,0,0,0,0,0,1016,9000,919,3000,949,800,528,1000,701,2,7869,2500,0,0,0,0,0,0,4028,1
//1209,CRAMP,Cramp,Cramp,56,4720,0,2300,1513,1,395,465,0,5,1,85,35,5,65,60,10,12,0,2,45,0x3095,100,1000,500,1000,0,0,0,0,0,0,0,0,7007,4656,528,1000,726,80,746,110,568,250,510,70,984,95,7869,1500,0,0,4296,1

//iRO St. Patricks Day 2008 Event Monster overrides
//Uncomment if event is enabled, as these drops modifications are nessecary.
//1841,G_SNAKE_,Snake Lord's Minon,Snake Lord's Minon,15,471,0,72,48,1,46,55,0,0,1,15,15,10,35,5,10,12,1,2,22,0x81,200,1576,576,576,0,0,0,0,0,0,0,0,7915,1000,7916,100,7720,30,12715,7,0,0,0,0,0,0,0,0,0,0,0,0
//1842,G_ANACONDAQ_,Snake Lord's Minon,Snake Lord's Minon,23,1109,0,300,149,1,124,157,0,0,1,23,28,10,36,5,10,12,1,2,25,0x91,200,1576,576,576,0,0,0,0,0,0,0,0,7915,1000,7916,100,7720,30,12715,7,0,0,0,0,0,0,0,0,0,0,0,0
//1843,SIDE_WINDER_,Snake Lord's Minon,Snake Lord's Minon,43,4929,0,1996,993,1,240,320,5,10,38,43,40,15,115,20,10,12,1,2,25,0x3095,200,1576,576,576,0,0,0,0,0,0,0,0,7915,1000,7916,100,7720,30,12715,7,0,0,0,0,0,0,0,0,0,0,0,0
//1844,G_ISIS_,Snake Lord's Minon,Snake Lord's Minon,47,7003,0,3709,1550,1,423,507,10,35,38,65,43,50,66,15,10,12,2,6,27,0x3195,200,1384,768,336,0,0,0,0,0,0,0,0,7915,1000,7916,100,7720,30,12715,8,0,0,0,0,0,0,0,0,0,0,0,0

//iRO Christmas 2008 Event
//Uncomment if event is enabled, as these drops modifications are nessecary.
//1244,JAKK_XMAS,Christmas Jakk,Christmas Jakk,38,3581,0,1113,688,1,315,382,5,30,1,38,38,43,75,45,10,12,1,0,43,0x81,200,1180,480,648,0,0,0,0,0,0,0,0,529,1000,530,1000,14546,1000,14550,1000,7174,1000,7175,1000,6092,1000,12355,1250,0,0,0,0
//1245,GOBLINE_XMAS,Christmas Goblin,Christmas Goblin,25,1176,0,282,171,1,118,140,10,5,1,53,25,20,38,45,10,12,1,7,24,0x81,100,1120,620,240,0,0,0,0,0,0,0,0,529,1000,530,1000,14546,1000,14550,1000,7174,1000,7175,1000,6092,1000,12355,1250,0,0,0,0
//1246,COOKIE_XMAS,Christmas Cookie,Christmas Cookie,28,2090,0,461,284,1,140,170,0,50,1,24,30,53,45,100,10,12,0,7,46,0x91,400,1248,1248,240,0,0,0,0,0,0,0,0,529,1000,530,1000,14546,1000,14550,1000,7174,1000,7175,1000,6092,1000,12355,1250,0,0,0,0
//1247,ANTONIO,Antonio,Antonio,10,10,0,3,2,1,13,20,100,0,1,1,1,50,100,100,10,12,1,3,66,0xC1,100,720,720,432,0,0,0,0,0,0,0,0,604,500,12354,500,14550,500,5136,500,12132,500,12225,500,5811,500,0,0,0,0,4243,1

//iRO Halloween 2009 Event
//Uncomment if event is enabled. Uncomment the skills for Halloween Whisper in mob_skill_db2.
//3014,HALLOWEEN_WHISPER,Halloween Whisper,Halloween Whisper,1,800,0,0,0,1,10,13,0,45,1,51,14,0,60,0,10,12,0,6,68,0x81,150,1960,960,504,0,0,0,0,0,0,0,0,12396,150,6299,5335,0,0,0,0,0,0,0,0,0,0,0,0,0,0,0,0
//3015,HALLOWEEN_DARK_LORD,Halloween Dark Lord,Halloween Dark Lord,1,45,0,0,0,1,10,13,0,45,1,51,14,0,60,0,10,12,2,6,89,0x81,100,868,768,480,0,0,0,0,0,0,0,0,12396,800,12397,5335,0,0,0,0,0,0,0,0,0,0,0,0,0,0,0,0

//iRO Halloween 2008 Event
//Uncomment if event is enabled.
//3000,ZOMBIE,Zombie,Zombie,15,534,0,50,33,1,67,79,0,10,1,8,7,0,15,0,10,12,1,1,29,0x3885,400,2612,912,288,0,0,0,0,0,0,0,0,957,9000,724,5,938,1000,958,50,727,70,0,0,0,0,0,0,0,0,4038,1
//3001,GHOUL,Ghoul,Ghoul,40,5418,0,1088,622,1,420,500,5,20,1,20,29,0,45,20,10,12,1,1,49,0x3885,250,2456,912,504,0,0,0,0,0,0,0,0,958,6000,756,110,509,700,511,800,2609,60,934,150,1260,1,0,0,0,0,4110,1
//3002,ZOMBIE_MASTER,Zombie Master,Zombie Master,62,14211,0,7610,2826,1,824,1084,37,26,25,20,30,5,77,35,10,12,1,1,29,0x3695,175,2612,912,288,0,0,0,0,0,0,0,0,7071,4413,938,1500,958,1500,723,200,727,100,1260,1,2324,2,0,0,0,0,4274,1

//kRO 2010 April Foold Event
//1002,PORING,Poring,Poring,1,50,0,2,1,1,7,10,0,5,1,1,1,0,6,30,10,12,1,3,21,0x83,400,1872,672,480,0,0,0,0,0,0,0,0,909,7000,1202,100,938,400,512,1000,713,1500,512,150,619,20,4454,500,4455,500,4001,1
//1031,POPORING,Poporing,Poporing,14,344,0,81,44,1,59,72,0,10,1,14,14,0,19,15,10,12,1,3,25,0x83,300,1672,672,480,0,0,0,0,0,0,0,0,938,5500,910,1500,511,500,514,200,512,5,1207,5,512,250,4454,500,4455,500,4033,1

// Mechanic Fixed Autonomous Weapon Platforms
2042,SILVERSNIPER,Silver Sniper,Silver Sniper,1,50000,0,0,0,9,300,1000,0,0,0,0,0,0,1000,0,10,12,1,0,20,0x3394,1000,1500,500,300,0,0,0,0,0,0,0,0,0,0,0,0,0,0,0,0,0,0,0,0,0,0,0,0,0,0,0,0
2043,MAGICDECOY_FIRE,Magic Decoy Fire,Magic Decoy Fire,1,50000,0,0,0,9,300,1000,0,0,0,0,0,100,1000,0,10,12,1,0,20,0x3394,1000,1500,500,300,0,0,0,0,0,0,0,0,0,0,0,0,0,0,0,0,0,0,0,0,0,0,0,0,0,0,0,0
2044,MAGICDECOY_WATER,Magic Decoy Water,Magic Decoy Water,1,50000,0,0,0,9,300,1000,0,0,0,0,0,100,1000,0,10,12,1,0,20,0x3394,1000,1500,500,300,0,0,0,0,0,0,0,0,0,0,0,0,0,0,0,0,0,0,0,0,0,0,0,0,0,0,0,0
2045,MAGICDECOY_EARTH,Magic Decoy Earth,Magic Decoy Earth,1,50000,0,0,0,9,300,1000,0,0,0,0,0,100,1000,0,10,12,1,0,20,0x3394,1000,1500,500,300,0,0,0,0,0,0,0,0,0,0,0,0,0,0,0,0,0,0,0,0,0,0,0,0,0,0,0,0
2046,MAGICDECOY_WIND,Magic Decoy Wind,Magic Decoy Wind,1,50000,0,0,0,9,300,1000,0,0,0,0,0,100,1000,0,10,12,1,0,20,0x3394,1000,1500,500,300,0,0,0,0,0,0,0,0,0,0,0,0,0,0,0,0,0,0,0,0,0,0,0,0,0,0,0,0

// Sorcerer Elemental Spirits
2114,EL_AGNI_S,Agni,Agni,1,50,0,2,1,1,7,10,0,5,1,1,1,0,6,30,10,12,1,3,21,0x83,400,1872,672,480,0,0,0,0,0,0,0,0,909,7000,1202,100,938,400,512,1000,713,1500,512,150,619,20,0,0,0,0,4001,1
2115,EL_AGNI_M,Agni,Agni,1,50,0,2,1,1,7,10,0,5,1,1,1,0,6,30,10,12,1,3,21,0x83,400,1872,672,480,0,0,0,0,0,0,0,0,909,7000,1202,100,938,400,512,1000,713,1500,512,150,619,20,0,0,0,0,4001,1
2116,EL_AGNI_L,Agni,Agni,1,50,0,2,1,1,7,10,0,5,1,1,1,0,6,30,10,12,1,3,21,0x83,400,1872,672,480,0,0,0,0,0,0,0,0,909,7000,1202,100,938,400,512,1000,713,1500,512,150,619,20,0,0,0,0,4001,1
2117,EL_AQUA_S,Aqua,Aqua,1,50,0,2,1,1,7,10,0,5,1,1,1,0,6,30,10,12,1,3,21,0x83,400,1872,672,480,0,0,0,0,0,0,0,0,909,7000,1202,100,938,400,512,1000,713,1500,512,150,619,20,0,0,0,0,4001,1
2118,EL_AQUA_M,Aqua,Aqua,1,50,0,2,1,1,7,10,0,5,1,1,1,0,6,30,10,12,1,3,21,0x83,400,1872,672,480,0,0,0,0,0,0,0,0,909,7000,1202,100,938,400,512,1000,713,1500,512,150,619,20,0,0,0,0,4001,1
2119,EL_AQUA_L,Aqua,Aqua,1,50,0,2,1,1,7,10,0,5,1,1,1,0,6,30,10,12,1,3,21,0x83,400,1872,672,480,0,0,0,0,0,0,0,0,909,7000,1202,100,938,400,512,1000,713,1500,512,150,619,20,0,0,0,0,4001,1
2120,EL_VENTUS_S,Ventus,Ventus,1,50,0,2,1,1,7,10,0,5,1,1,1,0,6,30,10,12,1,3,21,0x83,400,1872,672,480,0,0,0,0,0,0,0,0,909,7000,1202,100,938,400,512,1000,713,1500,512,150,619,20,0,0,0,0,4001,1
2121,EL_VENTUS_M,Ventus,Ventus,1,50,0,2,1,1,7,10,0,5,1,1,1,0,6,30,10,12,1,3,21,0x83,400,1872,672,480,0,0,0,0,0,0,0,0,909,7000,1202,100,938,400,512,1000,713,1500,512,150,619,20,0,0,0,0,4001,1
2122,EL_VENTUS_L,Ventus,Ventus,1,50,0,2,1,1,7,10,0,5,1,1,1,0,6,30,10,12,1,3,21,0x83,400,1872,672,480,0,0,0,0,0,0,0,0,909,7000,1202,100,938,400,512,1000,713,1500,512,150,619,20,0,0,0,0,4001,1
2123,EL_TERA_S,Tera,Tera,1,50,0,2,1,1,7,10,0,5,1,1,1,0,6,30,10,12,1,3,21,0x83,400,1872,672,480,0,0,0,0,0,0,0,0,909,7000,1202,100,938,400,512,1000,713,1500,512,150,619,20,0,0,0,0,4001,1
2124,EL_TERA_M,Tera,Tera,1,50,0,2,1,1,7,10,0,5,1,1,1,0,6,30,10,12,1,3,21,0x83,400,1872,672,480,0,0,0,0,0,0,0,0,909,7000,1202,100,938,400,512,1000,713,1500,512,150,619,20,0,0,0,0,4001,1
2125,EL_TERA_L,Tera,Tera,1,50,0,2,1,1,7,10,0,5,1,1,1,0,6,30,10,12,1,3,21,0x83,400,1872,672,480,0,0,0,0,0,0,0,0,909,7000,1202,100,938,400,512,1000,713,1500,512,150,619,20,0,0,0,0,4001,1

// Summon Legion Insects
2158,S_HORNET,Hornet,Hornet,8,169,0,19,15,1,22,27,5,5,6,20,8,10,17,5,10,12,0,4,24,0x1189,150,1292,792,216,0,0,0,0,0,0,0,0,992,80,939,9000,909,3500,1208,15,511,350,518,150,0,0,0,0,0,0,4019,1
2159,S_GIANT_HORNET,Giant Hornet,Giant Hornet,56,13105,0,5785,2006,1,650,852,38,43,35,38,32,10,71,64,10,12,0,4,24,0x3795,155,1292,792,340,0,0,0,0,0,0,0,0,526,550,518,1200,522,12,610,15,1608,3,722,20,1736,15,0,0,0,0,4271,1
2160,S_LUCIOLA_VESPA,Luciola Vespa,Luciola Vespa,104,25103,0,13040,11410,1,9000,9900,29,5,104,56,30,20,116,4,10,12,1,4,24,0x7795,100,672,500,192,0,0,0,0,0,0,0,0,939,9000,955,9000,943,3000,518,300,526,200,992,160,2744,2,0,0,0,0,0,0

// Genetic Mutated Homunculu
//6048,MER_EIRA,Eira,Eira,1,50,0,2,1,1,7,10,0,5,1,1,1,0,6,30,10,12,1,3,21,0x83,400,1872,672,480,0,0,0,0,0,0,0,0,909,7000,1202,100,938,400,512,1000,713,1500,512,150,619,20,0,0,0,0,4001,1
//6049,MER_BAYERI,Bayeri,Bayeri,1,50,0,2,1,1,7,10,0,5,1,1,1,0,6,30,10,12,1,3,21,0x83,400,1872,672,480,0,0,0,0,0,0,0,0,909,7000,1202,100,938,400,512,1000,713,1500,512,150,619,20,0,0,0,0,4001,1
//6050,MER_SERA,Sera,Sera,1,50,0,2,1,1,7,10,0,5,1,1,1,0,6,30,10,12,1,3,21,0x83,400,1872,672,480,0,0,0,0,0,0,0,0,909,7000,1202,100,938,400,512,1000,713,1500,512,150,619,20,0,0,0,0,4001,1
//6051,MER_DIETER,Dieter,Dieter,1,50,0,2,1,1,7,10,0,5,1,1,1,0,6,30,10,12,1,3,21,0x83,400,1872,672,480,0,0,0,0,0,0,0,0,909,7000,1202,100,938,400,512,1000,713,1500,512,150,619,20,0,0,0,0,4001,1
//6052,MER_ELEANOR,Eleanor,Eleanor,1,50,0,2,1,1,7,10,0,5,1,1,1,0,6,30,10,12,1,3,21,0x83,400,1872,672,480,0,0,0,0,0,0,0,0,909,7000,1202,100,938,400,512,1000,713,1500,512,150,619,20,0,0,0,0,4001,1

// Overwritten Mobs (mob_db.txt) <- Oficial
// WOE 1.0
1324,TREASURE_BOX1,Treasure Chest,Treasure Chest,99,0,0,0,0,0,0,0,0,0,0,0,0,0,255,0,0,0,0,0,20,288,0,0,0,0,0,0,0,0,0,0,0,0,7444,7760,608,3000,607,2500,2504,800,2404,800,2326,800,2104,800,616,1000,0,0,0,0
1325,TREASURE_BOX2,Treasure Chest,Treasure Chest,99,0,0,0,0,0,0,0,0,0,0,0,0,0,255,0,0,0,0,0,20,288,0,0,0,0,0,0,0,0,0,0,0,0,7073,80,658,500,604,10000,984,5000,985,7500,13016,1500,2249,75,1165,8,0,0,0,0
1326,TREASURE_BOX3,Treasure Chest,Treasure Chest,99,0,0,0,0,0,0,0,0,0,0,0,0,0,255,0,0,0,0,0,20,288,0,0,0,0,0,0,0,0,0,0,0,0,7444,7760,608,3000,607,2500,2506,800,2406,800,2315,800,2102,800,616,1000,0,0,0,0
1327,TREASURE_BOX4,Treasure Chest,Treasure Chest,99,0,0,0,0,0,0,0,0,0,0,0,0,0,255,0,0,0,0,0,20,288,0,0,0,0,0,0,0,0,0,0,0,0,7074,80,658,500,604,10000,984,5000,985,7500,2108,1000,2514,75,5022,2,0,0,0,0
1328,TREASURE_BOX5,Treasure Chest,Treasure Chest,99,0,0,0,0,0,0,0,0,0,0,0,0,0,255,0,0,0,0,0,20,288,0,0,0,0,0,0,0,0,0,0,0,0,7444,7760,608,3000,607,2500,2504,800,2404,800,2322,800,2104,800,616,1000,0,0,0,0
1329,TREASURE_BOX6,Treasure Chest,Treasure Chest,99,0,0,0,0,0,0,0,0,0,0,0,0,0,255,0,0,0,0,0,20,288,0,0,0,0,0,0,0,0,0,0,0,0,7075,80,658,500,604,10000,984,5000,985,7500,2320,834,5019,100,2513,9,0,0,0,0
1330,TREASURE_BOX7,Treasure Chest,Treasure Chest,99,0,0,0,0,0,0,0,0,0,0,0,0,0,255,0,0,0,0,0,20,288,0,0,0,0,0,0,0,0,0,0,0,0,7444,7760,608,3000,607,2500,2506,800,2406,800,2315,800,2106,800,616,1000,0,0,0,0
1331,TREASURE_BOX8,Treasure Chest,Treasure Chest,99,0,0,0,0,0,0,0,0,0,0,0,0,0,255,0,0,0,0,0,20,288,0,0,0,0,0,0,0,0,0,0,0,0,7076,80,658,500,604,10000,984,5000,985,7500,2616,500,1415,125,2622,9,0,0,0,0
1332,TREASURE_BOX9,Treasure Chest,Treasure Chest,99,0,0,0,0,0,0,0,0,0,0,0,0,0,255,0,0,0,0,0,20,288,0,0,0,0,0,0,0,0,0,0,0,0,7444,7760,608,3000,607,2500,2504,800,2404,800,2326,800,2104,800,616,1000,0,0,0,0
1333,TREASURE_BOX10,Treasure Chest,Treasure Chest,99,0,0,0,0,0,0,0,0,0,0,0,0,0,255,0,0,0,0,0,20,288,0,0,0,0,0,0,0,0,0,0,0,0,7077,80,658,500,604,10000,984,5000,985,7500,2223,500,2331,150,2623,10,0,0,0,0
1334,TREASURE_BOX11,Treasure Chest,Treasure Chest,99,0,0,0,0,0,0,0,0,0,0,0,0,0,255,0,0,0,0,0,20,288,0,0,0,0,0,0,0,0,0,0,0,0,7444,7760,608,3000,607,2500,2506,800,2406,800,2315,800,2102,800,616,1000,0,0,0,0
1335,TREASURE_BOX12,Treasure Chest,Treasure Chest,99,0,0,0,0,0,0,0,0,0,0,0,0,0,255,0,0,0,0,0,20,288,0,0,0,0,0,0,0,0,0,0,0,0,7078,80,658,500,604,10000,984,5000,985,7500,1550,500,2509,150,2256,10,0,0,0,0
1336,TREASURE_BOX13,Treasure Chest,Treasure Chest,99,0,0,0,0,0,0,0,0,0,0,0,0,0,255,0,0,0,0,0,20,288,0,0,0,0,0,0,0,0,0,0,0,0,7444,7760,608,3000,607,2500,2504,800,2404,800,2322,800,2104,800,616,1000,0,0,0,0
1337,TREASURE_BOX14,Treasure Chest,Treasure Chest,99,0,0,0,0,0,0,0,0,0,0,0,0,0,255,0,0,0,0,0,20,288,0,0,0,0,0,0,0,0,0,0,0,0,7079,80,658,500,604,10000,984,5000,985,7500,1238,375,1234,150,1166,10,0,0,0,0
1338,TREASURE_BOX15,Treasure Chest,Treasure Chest,99,0,0,0,0,0,0,0,0,0,0,0,0,0,255,0,0,0,0,0,20,288,0,0,0,0,0,0,0,0,0,0,0,0,7444,7760,608,3000,607,2500,2506,800,2406,800,2315,800,2106,800,616,1000,0,0,0,0
1339,TREASURE_BOX16,Treasure Chest,Treasure Chest,99,0,0,0,0,0,0,0,0,0,0,0,0,0,255,0,0,0,0,0,20,288,0,0,0,0,0,0,0,0,0,0,0,0,7080,80,658,500,604,10000,984,5000,985,7500,2360,300,1472,167,2327,10,0,0,0,0
1340,TREASURE_BOX17,Treasure Chest,Treasure Chest,99,0,0,0,0,0,0,0,0,0,0,0,0,0,255,0,0,0,0,0,20,288,0,0,0,0,0,0,0,0,0,0,0,0,7444,7760,608,3000,607,2500,2504,800,2404,800,2326,800,2104,800,616,1000,0,0,0,0
1341,TREASURE_BOX18,Treasure Chest,Treasure Chest,99,0,0,0,0,0,0,0,0,0,0,0,0,0,255,0,0,0,0,0,20,288,0,0,0,0,0,0,0,0,0,0,0,0,7081,80,658,500,604,10000,984,5000,985,7500,1143,250,2111,188,2235,12,0,0,0,0
1342,TREASURE_BOX19,Treasure Chest,Treasure Chest,99,0,0,0,0,0,0,0,0,0,0,0,0,0,255,0,0,0,0,0,20,288,0,0,0,0,0,0,0,0,0,0,0,0,7444,7760,608,3000,607,2506,2506,800,2406,800,2315,800,2102,800,616,1000,0,0,0,0
1343,TREASURE_BOX20,Treasure Chest,Treasure Chest,99,0,0,0,0,0,0,0,0,0,0,0,0,0,255,0,0,0,0,0,20,288,0,0,0,0,0,0,0,0,0,0,0,0,7082,80,658,500,604,10000,984,5000,985,7500,5007,250,1231,188,1473,19,0,0,0,0
1344,TREASURE_BOX21,Treasure Chest,Treasure Chest,99,0,0,0,0,0,0,0,0,0,0,0,0,0,255,0,0,0,0,0,20,288,0,0,0,0,0,0,0,0,0,0,0,0,7444,7760,608,3000,607,2500,2504,800,2404,800,2322,800,2104,800,616,1000,0,0,0,0
1345,TREASURE_BOX22,Treasure Chest,Treasure Chest,99,0,0,0,0,0,0,0,0,0,0,0,0,0,255,0,0,0,0,0,20,288,0,0,0,0,0,0,0,0,0,0,0,0,7083,80,658,500,604,10000,984,5000,985,7500,2619,1000,2336,69,1169,20,0,0,0,0
1346,TREASURE_BOX23,Treasure Chest,Treasure Chest,99,0,0,0,0,0,0,0,0,0,0,0,0,0,255,0,0,0,0,0,20,288,0,0,0,0,0,0,0,0,0,0,0,0,7444,7760,608,3000,607,2500,2506,800,2406,800,2315,800,2106,800,616,1000,0,0,0,0
1347,TREASURE_BOX24,Treasure Chest,Treasure Chest,99,0,0,0,0,0,0,0,0,0,0,0,0,0,255,0,0,0,0,0,20,288,0,0,0,0,0,0,0,0,0,0,0,0,7084,80,658,500,604,10000,984,5000,985,7500,1560,1000,1141,50,5025,24,0,0,0,0
1348,TREASURE_BOX25,Treasure Chest,Treasure Chest,99,0,0,0,0,0,0,0,0,0,0,0,0,0,255,0,0,0,0,0,20,288,0,0,0,0,0,0,0,0,0,0,0,0,7444,7760,608,3000,607,2500,2504,800,2404,800,2326,800,2104,800,616,1000,0,0,0,0
1349,TREASURE_BOX26,Treasure Chest,Treasure Chest,99,0,0,0,0,0,0,0,0,0,0,0,0,0,255,0,0,0,0,0,20,288,0,0,0,0,0,0,0,0,0,0,0,0,7085,80,658,500,604,10000,984,5000,985,7500,2359,750,1618,46,2286,25,0,0,0,0
1350,TREASURE_BOX27,Treasure Chest,Treasure Chest,99,0,0,0,0,0,0,0,0,0,0,0,0,0,255,0,0,0,0,0,20,288,0,0,0,0,0,0,0,0,0,0,0,0,7444,7760,608,3000,607,2500,2506,800,2406,800,2315,800,2102,800,616,1000,0,0,0,0
1351,TREASURE_BOX28,Treasure Chest,Treasure Chest,99,0,0,0,0,0,0,0,0,0,0,0,0,0,255,0,0,0,0,0,20,288,0,0,0,0,0,0,0,0,0,0,0,0,7086,20,658,500,604,10000,984,5000,985,7500,2255,500,1266,32,2234,41,0,0,0,0
1352,TREASURE_BOX29,Treasure Chest,Treasure Chest,99,0,0,0,0,0,0,0,0,0,0,0,0,0,255,0,0,0,0,0,20,288,0,0,0,0,0,0,0,0,0,0,0,0,7444,7760,608,3000,607,2500,2504,800,2404,800,2322,800,2104,800,616,1000,0,0,0,0
1353,TREASURE_BOX30,Treasure Chest,Treasure Chest,99,0,0,0,0,0,0,0,0,0,0,0,0,0,255,0,0,0,0,0,20,288,0,0,0,0,0,0,0,0,0,0,0,0,7087,80,658,500,604,10000,984,5000,985,7500,2525,500,2625,38,1720,34,0,0,0,0
1354,TREASURE_BOX31,Treasure Chest,Treasure Chest,99,0,0,0,0,0,0,0,0,0,0,0,0,0,255,0,0,0,0,0,20,288,0,0,0,0,0,0,0,0,0,0,0,0,7444,7760,608,3000,607,2500,2506,800,2406,800,2315,800,2106,800,616,1000,0,0,0,0
1355,TREASURE_BOX32,Treasure Chest,Treasure Chest,99,0,0,0,0,0,0,0,0,0,0,0,0,0,255,0,0,0,0,0,20,288,0,0,0,0,0,0,0,0,0,0,0,0,7088,80,658,500,604,10000,984,5000,985,7500,5282,429,2342,250,1230,35,0,0,0,0
1356,TREASURE_BOX33,Treasure Chest,Treasure Chest,99,0,0,0,0,0,0,0,0,0,0,0,0,0,255,0,0,0,0,0,20,288,0,0,0,0,0,0,0,0,0,0,0,0,7444,7760,608,3000,607,2500,2504,800,2404,800,2326,800,2104,800,616,1000,0,0,0,0
1357,TREASURE_BOX34,Treasure Chest,Treasure Chest,99,0,0,0,0,0,0,0,0,0,0,0,0,0,255,0,0,0,0,0,20,288,0,0,0,0,0,0,0,0,0,0,0,0,7089,80,658,500,604,10000,984,5000,985,7500,2109,300,2114,273,2258,38,0,0,0,0
1358,TREASURE_BOX35,Treasure Chest,Treasure Chest,99,0,0,0,0,0,0,0,0,0,0,0,0,0,255,0,0,0,0,0,20,288,0,0,0,0,0,0,0,0,0,0,0,0,7444,7500,608,3000,607,2500,2506,800,2406,800,2315,800,2102,800,616,1000,0,0,0,0
1359,TREASURE_BOX36,Treasure Chest,Treasure Chest,99,0,0,0,0,0,0,0,0,0,0,0,0,0,255,0,0,0,0,0,20,288,0,0,0,0,0,0,0,0,0,0,0,0,7090,80,658,500,604,10000,984,5000,985,7500,1142,215,2412,60,5162,38,0,0,0,0
1360,TREASURE_BOX37,Treasure Chest,Treasure Chest,99,0,0,0,0,0,0,0,0,0,0,0,0,0,255,0,0,0,0,0,20,288,0,0,0,0,0,0,0,0,0,0,0,0,7444,7760,608,3000,607,2500,2504,800,2404,800,2322,800,2104,800,616,1000,0,0,0,0
1361,TREASURE_BOX38,Treasure Chest,Treasure Chest,99,0,0,0,0,0,0,0,0,0,0,0,0,0,255,0,0,0,0,0,20,288,0,0,0,0,0,0,0,0,0,0,0,0,7091,80,658,500,604,10000,984,5000,985,7500,1417,50,1620,50,1724,50,0,0,0,0
1362,TREASURE_BOX39,Treasure Chest,Treasure Chest,99,0,0,0,0,0,0,0,0,0,0,0,0,0,255,0,0,0,0,0,20,288,0,0,0,0,0,0,0,0,0,0,0,0,7444,7760,608,3000,607,2500,2506,800,2406,800,2315,800,2106,800,616,1000,0,0,0,0
1363,TREASURE_BOX40,Treasure Chest,Treasure Chest,99,0,0,0,0,0,0,0,0,0,0,0,0,0,255,0,0,0,0,0,20,288,0,0,0,0,0,0,0,0,0,0,0,0,7092,80,658,500,604,10000,984,5000,985,7500,1164,43,2254,43,5020,38,0,0,0,0
// WoE S.E.
1938,TREASURE_BOX41,Treasure Chest,Treasure Chest,99,0,0,0,0,0,0,0,0,0,0,0,0,0,255,0,0,0,0,0,20,0x120,0,0,0,0,0,0,0,0,0,0,0,0,7830,80,658,500,12999,10000,984,4850,985,7275,2514,40,1625,150,1268,150,0,0,0,0
1939,TREASURE_BOX42,Treasure Chest,Treasure Chest,99,0,0,0,0,0,0,0,0,0,0,0,0,0,255,0,0,0,0,0,20,0x120,0,0,0,0,0,0,0,0,0,0,0,0,7831,80,658,500,12999,10000,984,4850,985,7275,2513,40,1375,150,1269,150,0,0,0,0
1940,TREASURE_BOX43,Treasure Chest,Treasure Chest,99,0,0,0,0,0,0,0,0,0,0,0,0,0,255,0,0,0,0,0,20,0x120,0,0,0,0,0,0,0,0,0,0,0,0,7832,80,658,500,12999,10000,984,4850,985,7275,13027,150,1376,150,1271,150,0,0,0,0
1941,TREASURE_BOX44,Treasure Chest,Treasure Chest,99,0,0,0,0,0,0,0,0,0,0,0,0,0,255,0,0,0,0,0,20,0x120,0,0,0,0,0,0,0,0,0,0,0,0,7833,80,658,500,12999,10000,984,4850,985,7275,13404,150,1730,150,0,50,0,0,0,0
1942,TREASURE_BOX45,Treasure Chest,Treasure Chest,99,0,0,0,0,0,0,0,0,0,0,0,0,0,255,0,0,0,0,0,20,0x120,0,0,0,0,0,0,0,0,0,0,0,0,7834,80,658,500,12999,10000,984,4850,985,7275,1176,150,1734,150,1819,150,0,0,0,0
1943,TREASURE_BOX46,Treasure Chest,Treasure Chest,99,0,0,0,0,0,0,0,0,0,0,0,0,0,255,0,0,0,0,0,20,0x120,0,0,0,0,0,0,0,0,0,0,0,0,7835,80,658,500,12999,10000,984,4850,985,7275,1421,150,1731,150,1822,150,0,0,0,0
1944,TREASURE_BOX47,Treasure Chest,Treasure Chest,99,0,0,0,0,0,0,0,0,0,0,0,0,0,255,0,0,0,0,0,20,0x120,0,0,0,0,0,0,0,0,0,0,0,0,7836,80,658,500,12999,10000,984,4850,985,7275,1478,150,1732,150,2531,50,0,0,0,0
1945,TREASURE_BOX48,Treasure Chest,Treasure Chest,99,0,0,0,0,0,0,0,0,0,0,0,0,0,255,0,0,0,0,0,20,0x120,0,0,0,0,0,0,0,0,0,0,0,0,7837,80,658,500,12999,10000,984,4850,985,7275,1624,150,1733,150,1821,150,0,0,0,0
1946,TREASURE_BOX49,Treasure Chest,Treasure Chest,99,0,0,0,0,0,0,0,0,0,0,0,0,0,255,0,0,0,0,0,20,0x120,0,0,0,0,0,0,0,0,0,0,0,0,7838,80,658,500,12999,10000,984,4850,985,7275,1626,150,1270,150,2532,50,0,0,0,0
// Duplicados por +Drop (Hats)
1002,PORING,Poring,Poring,1,60,0,27,20,1,8,9,2,5,6,1,1,0,6,5,10,12,1,3,21,0x83,400,1872,672,480,0,0,0,0,0,0,0,0,909,7000,1202,100,938,400,512,1000,713,1500,512,150,619,20,0,0,5035,1,4001,1
1266,ASTER,Aster,Aster,50,1509,0,405,455,1,85,107,70,7,41,14,15,0,28,5,10,12,0,5,22,0x91,400,1264,864,216,0,0,0,0,0,0,0,0,938,500,7013,40,1052,1200,508,200,912,60,512,100,0,0,0,0,30800,1,4247,1
1322,SPRING_RABBIT,Spring Rabbit,Spring Rabbit,88,6684,0,1341,1509,1,288,328,108,42,68,66,35,30,48,5,10,12,1,2,42,0x83,160,1120,552,511,0,0,0,0,0,0,0,0,7054,3500,7053,2500,949,2500,511,4500,508,800,510,200,509,800,0,0,30801,1,4227,1
1904,BOMBPORING,Bomb Poring,Bomb Poring,28,1000000,0,461,284,1,120,320,100,99,1,28,28,0,33,50,10,12,0,0,20,0x11AB,300,1672,672,480,0,0,0,0,0,0,0,0,0,0,0,0,0,0,0,0,0,0,0,0,0,0,0,0,0,0,30802,1
1307,CAT_O_NINE_TAIL,Cat o' Nine Tails,Cat o' Nine Tails,79,23600,0,4148,5792,1,524,711,100,50,72,75,40,50,79,48,10,12,1,6,63,0x37B5,155,1276,576,288,0,0,0,0,0,0,0,0,5008,1,638,150,10008,5,985,600,984,800,969,6,617,1,0,0,30803,1,4290,1
1109,DEVIRUCHI,Deviruchi,Deviruchi,93,8912,0,1806,2166,1,367,549,72,16,61,49,30,85,99,5,10,12,0,6,27,0x3795,150,980,600,384,0,0,0,0,0,0,0,0,1038,5335,1039,400,984,2,1458,2,1009,5,912,1500,756,154,0,0,30804,1,4122,1
1214,CHOCO,Choco,Choco,48,1080,0,369,414,1,120,167,70,30,40,45,32,19,42,20,10,12,0,2,23,0x3095,200,1500,500,1000,0,0,0,0,0,0,0,0,7011,5335,942,7000,985,53,513,5000,634,20,532,1000,607,25,0,0,30805,1,4285,1
1384,DELETER,Deleter,Deleter,105,10000,0,2099,1574,1,502,581,111,53,105,55,53,68,67,73,10,12,1,9,43,0x308D,175,1020,720,384,0,0,0,0,0,0,0,0,7123,4074,1035,5335,1037,3880,1036,3589,0,0,0,0,0,0,0,0,30806,1,4158,1
1374,INCUBUS,Incubus,Incubus,120,28000,0,3928,3646,2,683,858,72,46,120,56,52,75,99,70,10,12,1,6,67,0x3795,165,850,600,336,0,0,0,0,0,0,0,0,522,1500,509,5500,5072,1,2621,1,2610,500,2613,150,509,2200,0,0,30807,1,4269,1
1147,MAYA,Maya,Maya,55,380000,0,178560,133920,1,555,820,183,50,88,72,76,102,92,76,10,12,2,4,82,0x37B5,100,864,1000,480,89280,10000,730,2000,603,3000,617,2000,10006,500,2615,200,2234,200,639,500,7020,10,985,3500,2005,100,0,0,30808,1,4146,1
1148,MEDUSA,Medusa,Medusa,102,10045,0,1737,1302,1,477,590,87,66,99,68,65,79,69,15,10,12,1,6,40,0x3795,180,1720,1320,360,0,0,0,0,0,0,0,0,1048,5335,1965,250,702,200,1973,20,722,250,1007,3,1649,5,0,0,30809,1,4124,1
1314,PERMETER,Permeter,Permeter,90,6575,0,1305,1467,2,265,321,144,50,68,28,55,40,42,25,10,12,1,2,40,0x91,250,1100,483,528,0,0,0,0,0,0,0,0,967,4413,507,2450,912,1240,522,25,605,1,7939,100,6263,200,0,0,30810,1,4311,1
1014,SPORE,Spore,Spore,18,280,0,117,87,1,25,33,12,10,15,5,10,0,12,0,10,12,1,3,21,0x81,200,1872,672,288,0,0,0,0,0,0,0,0,921,9000,507,800,510,50,743,10,2220,40,7033,5,578,600,0,0,30811,1,4022,1
1370,SUCCUBUS,Succubus,Succubus,119,24960,0,3924,3489,2,670,864,76,48,100,64,45,80,82,85,10,12,1,6,67,0x3795,155,1306,1056,288,0,0,0,0,0,0,0,0,522,1500,2407,3,12373,2,2613,250,5066,1,1472,1,505,1000,0,0,30812,1,4218,1
1707,THA_DOLOR,Thanatos Dolor,Dolor of Thanatos,129,45000,0,3960,3666,2,780,1060,71,80,91,72,59,96,78,79,10,12,0,1,88,0x37B5,150,160,672,480,0,0,0,0,0,0,0,0,7054,1000,731,500,732,100,7436,10000,616,10,5128,1000,0,0,0,0,5563,1,4398,1
1200,ZHERLTHSH,Zherlthsh,Zealotus,105,61350,0,6944,6458,1,610,790,91,99,88,61,51,62,113,60,10,12,1,7,60,0x308D,200,800,2112,768,0,0,0,0,0,0,0,0,7017,5,509,1800,7293,1500,2331,8,2622,1,1970,100,2291,3,0,0,30814,1,4277,1
1116,EGGYRA,Eggyra,Eggyra,53,1676,0,330,689,1,105,145,85,20,46,25,25,15,52,20,10,12,1,0,48,0x91,200,1816,816,288,0,0,0,0,0,0,0,0,911,1000,5015,20,7032,550,507,1000,643,300,645,250,757,57,0,0,30815,1,4070,1
1259,GRYPHON,Gryphon,Gryphon,105,60720,0,9410,5808,1,779,1066,113,72,101,133,66,70,137,54,10,12,2,2,84,0x37B5,100,704,504,432,0,0,0,0,0,0,0,0,7048,2500,7054,5335,7063,120,1452,1500,1417,1,984,185,996,150,0,0,30816,1,4163,1
1263,WIND_GHOST,Wind Ghost,Wind Ghost,80,4008,0,918,1334,2,165,260,64,51,62,27,25,55,85,20,10,12,1,6,64,0x3795,150,1056,1056,336,0,0,0,0,0,0,0,0,912,4559,932,6000,7005,500,693,100,1611,8,996,100,1615,1,0,0,30817,1,4264,1
1406,KAPHA,Kapha,Kapha,83,5470,0,1035,1164,3,278,310,61,38,67,59,40,31,61,24,10,12,1,5,21,0x3885,165,2012,1728,672,0,0,0,0,0,0,0,0,7149,6500,7053,3500,13304,20,521,2300,708,2,1915,10,13008,5,0,0,30818,1,4287,1
1138,MAGNOLIA,Magnolia,Magnolia,53,1984,0,441,495,1,91,256,51,8,49,25,21,50,28,85,10,12,0,6,21,0x183,250,1560,360,360,0,0,0,0,0,0,0,0,7031,9000,910,800,911,100,912,10,737,40,508,400,12127,5,0,0,30819,1,4076,1
1045,MARC,Marc,Marc,56,2522,0,525,590,1,138,163,55,24,50,24,22,15,48,20,10,12,1,5,41,0x3885,150,1272,72,480,0,0,0,0,0,0,0,0,995,18,956,9000,756,95,951,1000,720,10,717,200,509,700,0,0,30820,1,4105,1
1613,METALING,Metaling,Metaling,81,4300,0,954,1074,1,171,210,69,28,58,30,49,17,50,5,10,12,0,0,20,0x83,300,384,672,480,0,0,0,0,0,0,0,0,7325,4000,1002,1000,998,500,7126,1000,7317,200,13103,5,7312,5000,0,0,30821,1,4341,1
1150,MOONLIGHT,Moonlight Flower,Moonlight Flower,79,324000,0,334080,271440,1,1788,2599,154,81,86,102,93,82,131,120,10,12,1,6,63,0x37B5,150,1276,576,288,167040,10000,1022,5000,504,1500,728,500,1477,500,1234,100,1525,150,10008,500,638,650,985,2600,1648,100,0,0,30822,1,4131,1
1249,MYSTCASE,Myst Case,Myst Case,39,879,0,288,324,1,68,89,50,11,26,19,40,35,31,25,10,12,1,0,60,0x91,400,1248,1248,432,0,0,0,0,0,0,0,0,530,90,603,20,539,800,722,150,731,5,529,340,7938,10,0,0,30823,1,4206,1
1190,ORC_LORD,Orc Lord,Orc Lord,55,552000,0,156240,122760,1,780,1428,256,92,95,95,103,96,155,85,10,12,2,7,82,0x37B5,100,1248,500,360,78120,10000,968,5500,617,2000,0,0,1363,400,2621,400,5007,400,1371,400,617,1000,985,4268,16000,3100,0,0,30824,1,4135,1
1038,OSIRIS,Osiris,Osiris,68,475840,0,245520,200880,1,1429,2061,172,164,97,99,86,131,145,67,10,12,1,1,89,0x37B5,100,1072,672,384,122760,10000,603,4000,608,3000,751,500,617,2000,1232,150,2235,200,1255,600,1009,1000,5053,150,1285,100,0,0,30825,1,4144,1
1157,PHARAOH,Pharaoh,Pharaoh,85,500000,0,417600,334080,1,1363,1954,124,269,98,102,96,142,144,102,10,12,2,7,67,0x37B5,125,868,768,288,208800,10000,607,5500,526,5000,732,5000,7113,5820,7114,2500,1136,100,2327,150,5002,500,1552,300,1231,80,0,0,30826,1,4148,1
1159,PHREEONI,Phreeoni,Phreeoni,71,300000,0,116000,180000,1,663,915,269,98,88,70,112,87,102,71,10,12,2,2,60,0x37B5,200,1020,1020,288,58000,10000,1008,500,730,1000,1000,4000,1015,9700,1223,500,1236,150,1014,5000,2288,300,985,2900,13047,100,0,0,30827,1,4121,1
1930,PIAMETTE,Piamette,Piamette,90,3000500,0,0,0,2,1500,2700,56,35,1,66,5,99,120,15,10,12,0,7,20,0x37B5,100,432,768,576,0,0,0,0,0,0,0,0,0,0,0,0,0,0,0,0,0,0,0,0,0,0,0,0,30828,1,0,0
1161,PLANKTON,Plankton,Plankton,40,1232,0,334,375,1,75,111,28,28,23,53,25,55,35,14,10,12,0,3,61,0x81,400,2208,1008,324,0,0,0,0,0,0,0,0,1052,9000,910,300,938,700,970,4,713,1000,630,20,645,50,0,0,30829,1,4024,1
1682,REMOVAL,Removal,Remover,121,32235,0,3772,2829,1,713,833,110,47,127,50,82,35,89,50,10,12,1,1,49,0x3885,250,1536,1056,1152,0,0,0,0,0,0,0,0,713,5000,7319,5000,5005,10,549,500,971,50,972,100,5120,6,0,0,5777,1,4353,1
1754,SKEGGIOLD,Skeggiold,Skeggiold,131,53290,0,5552,4419,1,808,1101,85,92,91,89,65,118,98,75,10,12,0,8,46,0x37B5,250,672,780,480,0,0,0,0,0,0,0,0,7511,6000,2254,1,7063,1000,2001,25,7511,1000,2322,100,2353,100,0,0,30831,1,4406,1
1372,GOAT,Goat,Goat,80,3980,0,1065,1197,1,387,447,95,43,61,40,48,40,65,31,10,12,1,2,63,0x1089,165,1380,1080,336,0,0,0,0,0,0,0,0,7106,4559,7107,2500,713,5000,507,500,510,1000,508,2500,511,5500,0,0,30832,1,4150,1
3017,USAKORING,Usakoring,Usakoring,1,50,0,2,1,1,7,10,0,5,1,1,1,0,6,30,10,12,1,3,21,0x83,400,1872,672,480,0,0,0,0,0,0,0,0,909,7000,1202,100,938,400,512,1000,713,1500,512,150,619,20,0,0,30833,1,30833,1
1405,TENGU,Tengu,Tengu,98,10196,0,1701,1275,2,211,294,134,46,99,38,40,30,67,60,10,12,2,6,42,0x3985,200,1439,1920,672,0,0,0,0,0,0,0,0,7159,3500,7158,5500,13301,5,522,150,13302,5,12128,20,687,100,0,0,30834,1,4282,1
1685,APOCALIPS_H,Vesper,Vesper,128,3802000,0,2700000,2250000,3,2401,3449,402,109,177,195,165,130,182,102,10,12,2,2,46,0x37B5,180,504,912,432,1350000,10000,617,5500,603,5000,732,2000,7095,5000,7094,3000,617,1000,2659,100,2660,100,2661,100,2662,100,0,0,30835,1,4374,1
1282,KOBOLD_ARCHER,Kobold Archer,Kobold Archer,108,11053,0,2160,2620,9,586,619,84,5,99,39,48,30,103,25,10,12,0,7,23,0x2085,200,1008,1008,384,0,0,0,0,0,0,0,0,912,250,999,60,1034,4850,5118,50,1763,2000,1711,5,756,79,0,0,30836,1,4292,1
1140,MARDUK,Marduk,Marduk,73,2893,0,774,872,1,180,292,66,43,66,49,21,40,66,25,10,12,2,7,23,0x3095,300,1540,840,504,0,0,0,0,0,0,0,0,994,35,1045,4365,1608,10,2617,1,1614,3,691,100,642,20,0,0,30837,1,4112,1
1504,DULLAHAN,Dullahan,Dullahan,108,18546,0,2509,1977,2,666,741,111,38,121,29,51,43,87,3,10,12,1,1,49,0x3885,155,847,1152,480,0,0,0,0,0,0,0,0,7209,3200,7210,4850,2614,1,2505,13,2506,1,0,0,0,0,0,0,30838,1,4176,1
1270,C_TOWER_MANAGER,Clock Tower Manager,Clock Tower Manager,90,6400,0,1305,1467,3,388,458,96,60,80,28,40,25,73,45,10,12,2,0,80,0x91,200,1072,672,384,0,0,0,0,0,0,0,0,1095,5335,7054,5335,999,500,520,850,2109,1,7026,2000,7027,2000,0,0,30839,1,4229,1
1989,HILLSRION,Hillslion,Hillthrion,123,21422,0,2909,1698,1,450,552,83,11,110,69,72,41,102,12,10,12,0,2,22,0x308D,100,400,780,576,0,0,0,0,0,0,0,0,2440,10,1825,20,6032,3000,6020,2000,1268,10,7054,4850,7938,1000,0,0,30840,1,4453,1
1320,OWL_DUKE,Owl Duke,Owl Duke,92,7381,0,1377,1953,1,530,722,80,45,54,51,45,88,88,50,10,12,2,6,60,0x37B5,195,1345,824,440,0,0,0,0,0,0,0,0,7071,4413,7063,1500,693,100,747,1,1451,3,1513,2,5045,1,0,0,30841,1,4237,1
1769,AGAV,Agav,Agav,128,40000,0,3933,2949,1,637,818,77,82,85,66,55,113,86,61,10,12,1,7,80,0x3295,300,768,360,360,0,0,0,0,0,0,0,0,7567,2500,2422,2,7563,4000,2109,1,12183,50,7563,100,0,0,0,0,30842,1,4409,1
1252,HATII,Hatii,Hatii,98,1275500,0,758880,613800,3,1709,2454,173,103,122,153,135,116,146,72,10,12,2,2,81,0x37B5,400,608,408,336,379440,10000,7036,1000,603,3000,995,3000,7036,5500,1131,150,1256,500,1815,500,0,0,985,3977,984,2900,0,0,30843,1,4324,1
1247,ANTONIO,Antonio,Antonio,10,10,0,3,2,1,13,20,100,0,1,1,1,50,100,100,10,12,1,3,66,0xC1,100,720,720,432,0,0,0,0,0,0,0,0,7034,10000,644,200,538,1500,539,1000,529,5500,530,5500,2236,250,0,0,30844,1,4243,1
1401,SHINOBI,Shinobi,Shinobi,95,8000,0,1691,1902,2,441,492,49,45,71,70,55,30,69,30,10,12,1,7,67,0x3695,150,1003,1152,336,0,0,0,0,0,0,0,0,7156,5335,2337,2,2654,100,2336,1,7157,2000,13013,5,6214,700,0,0,30845,1,4230,1
1503,GIBBET,Gibbet,Gibbet,105,12999,0,1944,1458,1,536,621,116,45,103,56,62,55,61,37,10,12,2,6,27,0x3985,180,917,1584,576,0,0,0,0,0,0,0,0,7212,1800,7218,5335,7222,4074,724,300,716,100,604,10,7939,100,0,0,30846,1,4278,1
1688,LADY_TANEE,Lady Tanee,Lady Tanee,80,360000,0,334080,261000,14,1574,2278,141,104,86,108,88,121,200,71,10,12,2,3,64,0x1A4,100,576,432,360,167040,10000,617,5500,12095,5000,732,2000,12090,5000,634,4000,12129,1000,5116,1000,985,5000,617,2000,1716,6000,0,0,30847,1,4376,1
3001,AQUARING,Aquaring,Aquaring,1,50,0,2,1,1,7,10,0,5,1,1,1,0,6,30,10,12,1,3,21,0x83,400,1872,672,480,0,0,0,0,0,0,0,0,909,7000,1202,100,938,400,512,1000,713,1500,512,150,619,20,0,0,30848,1,0,0
3004,COWRING,Cowring,Cowring,1,50,0,2,1,1,7,10,0,5,1,1,1,0,6,30,10,12,1,3,21,0x83,400,1872,672,480,0,0,0,0,0,0,0,0,909,7000,1202,100,938,400,512,1000,713,1500,512,150,619,20,0,0,30849,1,0,0
3015,NEKORING,Nekoring,Nekoring,1,50,0,2,1,1,7,10,0,5,1,1,1,0,6,30,10,12,1,3,21,0x83,400,1872,672,480,0,0,0,0,0,0,0,0,909,7000,1202,100,938,400,512,1000,713,1500,512,150,619,20,0,0,30850,1,0,0
3002,SAPLING,Sapling,Sapling,1,50,0,2,1,1,7,10,0,5,1,1,1,0,6,30,10,12,1,3,21,0x83,400,1872,672,480,0,0,0,0,0,0,0,0,909,7000,1202,100,938,400,512,1000,713,1500,512,150,619,20,0,0,30851,1,0,0
1086,GOLDEN_BUG,Golden Thief Bug,Golden Thief Bug,65,222750,0,194400,155520,1,861,1224,159,81,71,77,80,62,127,76,10,12,2,4,43,0x11AB,100,768,768,480,97200,10000,2610,2000,701,1000,0,0,969,1000,1524,150,2246,250,10016,500,714,300,985,2000,984,1500,0,0,30852,1,4128,1
1751,RANDGRIS,Valkyrie Randgris,Valkyrie Randgris,141,2205000,0,500000,540000,3,2653,3811,588,506,196,131,125,276,267,156,10,12,2,8,86,0x37B5,100,576,576,480,250000,10000,617,5500,603,5000,616,2000,7510,5000,2357,1600,2524,3000,2421,3000,2229,5000,7024,2500,0,0,0,0,30853,1,4407,1
1098,ANUBIS,Anubis,Anubis,105,18826,0,3356,2450,1,480,695,103,48,88,67,40,128,89,55,10,12,2,7,49,0x3695,150,1250,768,360,0,0,0,0,0,0,0,0,1625,10,934,550,984,105,1045,4365,2617,1,1614,3,12735,10,0,0,5490,1,4138,1
1115,EDDGA,Eddga,Eddga,65,247500,0,198000,148500,1,849,1196,166,70,92,80,103,66,90,85,10,12,2,2,23,0x37B5,300,872,1344,432,99000,10000,1029,5000,1030,1000,994,3000,1133,150,2268,250,518,10000,1258,500,1030,250,985,2300,13046,100,0,0,5497,1,4123,1
1096,ANGELING,Angeling,Angeling,77,19800,0,3060,2693,1,419,561,72,238,58,50,33,105,67,200,10,12,1,8,86,0x37B5,200,1072,672,672,0,0,0,0,0,0,0,0,2254,100,2324,60,610,500,2282,1,509,2000,512,28,714,40,0,0,5132,1,4054,1
1368,GEOGRAPHER,Geographer,Geographer,73,3866,0,898,1010,3,281,363,158,42,81,26,35,56,60,60,10,12,1,3,62,0x84,2000,1308,1008,480,0,0,0,0,0,0,0,0,1032,6200,1033,5500,2253,30,2207,50,12002,100,0,0,0,0,0,0,5186,1,4280,1
1582,DEVILING,Deviling,Deviling,66,16890,0,2281,2379,1,352,471,67,70,48,50,33,75,77,200,10,12,1,6,87,0x37B5,200,1072,1056,384,0,0,0,0,0,0,0,0,1039,3000,912,4850,2255,100,512,5000,7023,1,983,100,694,100,0,0,5254,1,4174,1
1416,WICKED_NYMPH,Wicked Nymph,Evil Nymph,97,8491,0,1775,1331,2,340,468,46,45,84,46,45,70,77,60,10,12,1,6,67,0x3795,200,637,1008,360,0,0,0,0,0,0,0,0,7165,3977,7166,1380,984,10,1904,4,1906,1,12002,100,1918,10,0,0,5302,1,4258,1
1388,ARCHANGELING,Archangeling,Arc Angeling,84,25100,0,3253,2910,1,547,762,92,81,32,48,62,99,99,105,10,12,1,8,66,0x37B5,180,1072,672,480,0,0,0,0,0,0,0,0,2255,5,610,1800,608,150,7291,1500,2254,5,2317,3,7294,1500,0,0,5319,1,4241,1
1031,POPORING,Poporing,Poporing,30,524,0,198,224,1,74,94,36,17,17,26,20,18,36,5,10,12,1,3,25,0x83,300,1672,672,480,0,0,0,0,0,0,0,0,938,5500,910,1500,511,500,514,200,512,5,1207,5,512,250,0,0,5352,1,4033,1
1418,DARK_SNAKE_LORD,Evil Snake Lord,Evil Snake Lord,105,1101000,0,720000,630000,3,2000,2887,314,185,122,172,107,135,196,88,10,12,2,2,68,0x37B5,200,588,816,420,360000,10000,607,5500,608,3500,985,5500,7169,5820,10020,5100,1471,80,5012,80,1474,500,7226,900,661,2000,0,0,5655,1,4330,1
1138,MAGNOLIA,Magnolia,Magnolia,53,1984,0,441,495,1,91,256,51,8,49,25,21,50,28,85,10,12,0,6,21,0x183,250,1560,360,360,0,0,0,0,0,0,0,0,7031,9000,910,800,911,100,912,10,737,40,508,400,12127,5,0,0,5365,1,4076,1
1219,KNIGHT_OF_ABYSS,Knight of Abyss,Abysmal Knight,122,23297,0,4779,4013,1,810,1002,102,50,121,55,68,70,97,37,10,12,2,7,87,0x3695,300,1500,500,1000,0,0,0,0,0,0,0,0,1064,5335,7023,5,2318,1,1421,25,1162,1,985,369,15014,10,0,0,5363,1,4140,1
1512,HYEGUN,Hyegun,Yao Jun,87,6996,0,1283,1445,1,246,294,84,43,69,38,40,20,68,20,10,12,1,1,49,0x3885,180,890,1320,720,0,0,0,0,0,0,0,0,7054,3880,609,100,985,10,2406,1,7277,300,15013,10,0,0,0,0,5367,1,4328,1
1630,BACSOJIN_,Bacsojin,White Lady,97,720500,0,668160,542880,3,1085,1520,210,178,118,244,98,126,205,102,10,12,2,7,64,0x39A5,130,576,960,480,334080,10000,607,5500,2513,2000,617,5000,1020,5500,603,5000,617,3000,7165,3000,7166,1000,2700,100,2234,10,0,0,5464,1,4372,1
1092,VAGABOND_WOLF,Vagabond Wolf,Vagabond Wolf,93,8203,0,1422,2601,1,484,643,102,51,72,63,55,29,90,15,10,12,1,2,22,0x37B5,150,1048,648,432,0,0,0,0,0,0,0,0,2248,200,920,8000,728,1500,1148,100,2521,1000,626,50,7938,500,0,0,5498,1,4183,1
1870,NECROMANCER,Necromancer,Necromancer,133,91304,0,5580,4185,1,805,1088,84,73,108,54,77,116,91,30,10,12,1,1,89,0x37B5,150,1816,1320,420,0,0,0,0,0,0,0,0,7752,3000,1624,20,932,4500,2532,10,717,100,609,100,7117,1500,0,0,5502,1,4440,1
2072,JAGUAR,Jaguar,Jaguar,71,3914,0,720,512,1,192,234,44,15,69,30,45,5,59,5,10,12,1,2,42,0x3895,150,1250,580,360,0,0,0,0,0,0,0,0,7171,3000,7172,2000,919,1000,756,40,1810,1,0,0,0,0,0,0,5539,1,0,0
2073,TOUCAN,Toucan,Toucan,70,3640,0,659,544,1,166,201,12,12,54,14,40,35,44,10,10,12,1,2,44,0x3895,155,1450,960,480,0,0,0,0,0,0,0,0,917,3000,7053,1000,2612,200,508,100,510,50,0,0,0,0,0,0,5538,1,0,0
1586,LEAF_CAT,Leaf Cat,Leaf Cat,64,2635,0,594,669,1,140,181,88,16,46,16,12,45,33,29,10,12,0,2,22,0x83,150,960,864,720,0,0,0,0,0,0,0,0,7198,4365,520,300,608,5,1023,1100,568,250,567,500,7298,5335,0,0,5555,1,4195,1
1317,FUR_SEAL,Fur Seal,Seal,47,1371,0,360,405,1,87,127,42,16,37,40,30,39,35,19,10,12,1,2,21,0x3885,200,1612,622,583,0,0,0,0,0,0,0,0,912,4365,510,250,2310,5,7053,1200,1452,1,525,200,746,120,0,0,5556,1,4312,1
1261,WILD_ROSE,Wild Rose,Wild Rose,70,2682,0,720,1110,1,140,185,75,15,44,87,31,35,63,80,10,12,0,2,24,0x83,100,964,864,288,0,0,0,0,0,0,0,0,7053,5335,748,50,5037,120,1767,3000,624,35,528,600,2244,2,0,0,5557,1,4257,1
1167,SAVAGE_BABE,Savage Babe,Savage Babe,14,180,0,90,68,1,19,25,22,0,16,8,9,5,21,18,10,12,0,2,22,0x81,400,1624,624,576,0,0,0,0,0,0,0,0,919,9000,1302,100,517,500,949,850,1010,80,627,40,6249,10,0,0,5572,1,4017,1
1110,DOKEBI,Dokebi,Dokebi,68,2820,0,675,759,1,317,347,85,20,52,56,35,20,60,25,10,12,0,6,27,0x191,250,1156,456,384,0,0,0,0,0,0,0,0,1021,9000,757,150,1517,2,1613,1,969,1,1501,300,1005,5,0,0,5573,1,4098,1
1180,NINE_TAIL,Nine Tail,Nine Tail,72,2783,0,887,998,1,446,496,95,40,61,38,30,20,88,50,10,12,1,2,63,0x3695,150,840,540,480,0,0,0,0,0,0,0,0,1022,4656,746,200,603,100,604,100,526,250,525,350,756,100,0,0,5252,1,4159,1
1837,IMP,Imp,Fire Imp,129,36830,0,4594,3445,1,885,1091,56,75,66,83,65,88,72,27,10,12,0,6,63,0x3395,150,824,432,360,0,0,0,0,0,0,0,0,7122,3000,13303,3,7098,2500,1376,10,1972,25,12374,2,6223,2,0,0,5658,1,4433,1
1386,SLEEPER,Sleeper,Sleeper,81,5160,0,1034,1160,1,274,322,101,29,74,41,57,27,54,27,10,12,1,0,42,0x3885,195,1350,1200,432,0,0,0,0,0,0,0,0,7124,4947,1056,5335,997,2500,756,300,1226,5,1622,5,7043,1200,0,0,5659,1,4228,1
1259,GRYPHON,Gryphon,Gryphon,105,60720,0,9410,5808,1,779,1066,113,72,101,133,66,70,137,54,10,12,2,2,84,0x37B5,100,704,504,432,0,0,0,0,0,0,0,0,7048,2500,7054,5335,7063,120,1452,1500,1417,1,984,185,996,150,0,0,5660,1,4163,1
2018,DUNEYRR,Duneyrr,Duneyrr,135,63342,0,8601,7298,2,833,1134,144,28,133,69,72,55,110,44,10,12,2,7,62,0x3295,200,672,420,360,0,0,0,0,0,0,0,0,515,5000,6020,4000,6089,500,2783,1,1188,10,1384,100,6224,10,0,0,5762,1,4458,1
1991,TENDRILRION,Tendrillion,Tendrillion,126,1397451,0,100772,75299,2,1002,2322,132,123,144,66,77,181,145,132,10,12,2,2,42,0x37B5,100,500,960,360,0,0,0,0,0,0,0,0,2544,500,1186,100,1637,100,6033,9000,7197,5335,7008,4850,6224,10,0,0,5780,1,4463,1
1179,WHISPER,Whisper,Whisper,46,1109,0,242,513,1,65,120,20,40,32,48,20,35,52,20,10,12,0,6,68,0x3195,150,1960,960,504,0,0,0,0,0,0,0,0,1001,150,1059,5335,2282,1,2333,10,0,0,0,0,0,0,0,0,5294,1,4102,1
1840,GOLDEN_SAVAGE,Golden Savage,Golden Savage,99,500,0,1,1,1,500,700,100,99,0,1,1,50,120,1,10,12,2,2,42,0xF1,150,1960,480,384,0,0,0,0,0,0,0,0,610,3000,7444,100,616,5,969,500,714,100,5159,1,12238,3000,12239,3000,5850,1,0,0
1195,RIDEWORD,Rideword,Rideword,74,3222,0,810,1212,1,352,374,61,38,67,53,32,44,104,5,10,12,0,0,60,0x3695,150,864,500,192,0,0,0,0,0,0,0,0,1097,4850,1553,4,1554,4,1555,2,1556,2,7015,300,1006,20,0,0,5208,1,4185,1
1371,FAKE_ANGEL,Fake Angel,False Angel,105,10988,0,2100,1570,2,505,640,106,84,112,67,43,81,68,80,10,12,0,8,66,0x3885,160,920,720,336,0,0,0,0,0,0,0,0,7104,0,7105,0,717,1000,715,1000,716,1000,12020,1000,1974,20,0,0,5207,1,4316,1
1717,FERUS_,Ferus,Ferus,126,39054,0,4185,2989,2,647,769,111,33,91,57,57,61,62,51,10,12,2,9,42,0x3095,120,108,576,432,0,0,0,0,0,0,0,0,579,5100,1035,1000,0,0,1036,3589,7445,800,997,20,7445,100,0,0,5531,1,4381,1
1120,GHOSTRING,Ghostring,Ghostring,90,26700,0,4305,4467,1,350,512,88,72,66,85,66,66,99,66,10,12,1,6,88,0x37B5,300,1220,1080,648,0,0,0,0,0,0,0,0,1059,5335,2274,100,2336,50,604,500,603,10,714,30,695,100,0,0,30830,1,4047,1

1403,ANTIQUE_FIRELOCK,Antique Firelock,Firelock Soldier,88,7524,0,1352,1512,10,324,369,72,30,67,44,30,30,83,30,10,12,1,1,49,0x2085,170,1084,2304,576,0,0,0,0,0,0,0,0,998,5500,30961,1,7126,1400,508,40,549,350,525,250,13152,5,0,0,0,0,4160,1
2068,BOITATA,Boitata,Boitata,93,1283990,0,74288,77950,2,1060,2022,32,66,140,99,30,109,100,90,10,12,2,2,63,0x37B5,180,1150,1150,288,37144,10000,617,5500,603,5000,616,3000,7444,5000,984,1000,985,1000,607,500,1377,100,1422,100,1471,100,0,0,7928,5000,0,0

// ###################
// ### CUSTOM MOBS ###
// ###################

2000,BomberMan_Mushroom,BomberMan Mushroom,BomberMan Mushroom,1,2000,0,0,0,1,1,1,100,99,0,0,0,0,0,90,7,12,0,3,26,0x40,2000,1,1,1,0,0,0,0,0,0,0,0,0,0,0,0,0,0,0,0,0,0,0,0,0,0,0,0,0,0,0,0

// Illion (v2.6) [Ivion]
2485,POTON_CANON,Astrocyte,Astrocyte,66,8000,1000,3900,1800,7,800,900,10,30,1,40,25,80,80,80,7,12,1,0,40,0x3797,300,1536,960,480,0,0,0,0,0,0,0,0,7126,5000,718,1000,938,1000,0,0,0,0,0,0,0,0,0,0,0,0,0,0
2486,POTON_CANON_1,Oligodendrocyte,Oligodendrocyte,67,7500,0,4300,2000,7,700,800,15,30,1,40,30,40,86,80,7,12,1,0,40,0x3797,300,1536,960,480,0,0,0,0,0,0,0,0,7126,5000,726,1000,938,1000,13160,5,0,0,0,0,0,0,0,0,0,0,0,0
2487,POTON_CANON_2,Microglia,Microglia,64,7100,0,3100,2700,7,800,900,8,30,1,40,21,29,80,91,7,12,1,0,40,0x3797,300,1536,960,480,0,0,0,0,0,0,0,0,7126,5000,721,1000,938,1000,0,0,0,0,0,0,0,0,0,0,0,0,0,0
2488,POTON_CANON_3,Ependyma,Ependyma,65,7800,0,3800,2300,7,700,800,15,30,1,40,23,30,90,99,7,12,1,0,40,0x3797,300,1536,960,480,0,0,0,0,0,0,0,0,7126,5000,728,1000,938,1000,0,0,0,0,0,0,0,0,0,0,0,0,0,0
2489,POTON_CANON,Astrocyte,Astrocyte,66,8000,1000,3900,1800,7,800,900,10,30,1,40,25,80,80,80,7,12,1,0,40,0x3797,300,1536,960,480,0,0,0,0,0,0,0,0,7126,5000,718,1000,938,1000,0,0,0,0,0,0,0,0,0,0,0,0,0,0
2490,POTON_CANON_1,Oligodendrocyte,Oligodendrocyte,67,7500,0,4300,2000,7,700,800,15,30,1,40,30,40,86,80,7,12,1,0,40,0x3797,300,1536,960,480,0,0,0,0,0,0,0,0,7126,5000,726,1000,938,1000,13160,5,0,0,0,0,0,0,0,0,0,0,0,0
2491,POTON_CANON_2,Microglia,Microglia,64,7100,0,3100,2700,7,800,900,8,30,1,40,21,29,80,91,7,12,1,0,40,0x3797,300,1536,960,480,0,0,0,0,0,0,0,0,7126,5000,721,1000,938,1000,0,0,0,0,0,0,0,0,0,0,0,0,0,0
2492,POTON_CANON_3,Ependyma,Ependyma,65,7800,0,3800,2300,7,700,800,15,30,1,40,23,30,90,99,7,12,1,0,40,0x3797,300,1536,960,480,0,0,0,0,0,0,0,0,7126,5000,728,1000,938,1000,0,0,0,0,0,0,0,0,0,0,0,0,0,0
2493,HEAVY_METALING,Heavy Metaling,Heavy Metaling,73,57,0,9320,7529,1,1350,1700,99,99,73,65,28,40,77,2,10,12,1,0,20,0x36d1,300,384,672,480,0,0,0,0,0,0,0,0,0,0,0,0,7317,1000,7126,1000,998,500,7312,5000,1002,1000,7325,4000,14536,200,0,0
2494,SMITH,Smith,Smith,120,1520,5000,85024,68685,10,1180,1712,500,500,78,85,99,120,120,92,10,15,0,0,20,0x37f5,150,650,576,576,0,0,0,0,0,0,0,0,0,0,0,0,0,0,0,0,7205,2000,7094,3000,7205,5000,2201,1500,2202,300,0,0
2495,VENATU_1,Venatu,Venatu,10,20,0,0,0,1,48,63,99,99,1,130,99,1,120,1,10,12,0,4,64,0x36db,200,140,864,430,0,0,0,0,0,0,0,0,7317,2000,7356,350,999,300,7094,300,985,10,0,0,0,0,0,0,0,0,0,0
2496,CONSTANT,Constant,Constant,30,800,0,0,0,1,50,50,99,99,5,50,500,1,100,50,10,12,0,0,23,0x36d5,100,1672,672,480,0,0,0,0,0,0,0,0,0,0,0,0,0,0,0,0,0,0,0,0,0,0,0,0,0,0,0,0
2497,CONSTANT,Constant,Constant,30,100000,0,0,0,1,1,1,99,99,1,50,500,1,1,50,10,12,0,0,23,0x0041,300,1672,672,480,0,0,0,0,0,0,0,0,0,0,0,0,0,0,0,0,0,0,0,0,0,0,0,0,0,0,0,0

// The Invasor (v9) [Ivion]
2500,KASA,Fire Sbirro,Fire Sbirro,80,200000,1000,20000,20000,2,1049,1450,10,30,39,86,29,151,108,29,10,12,2,0,63,0x37bd,120,1319,1319,288,0,0,0,0,0,0,0,0,0,0,0,0,604,100,604,100,604,100,604,100,604,100,604,100,12999,100,0,0
2501,SALAMANDER,Fire Hero,Fire Hero,110,700000,2000,70000,70000,2,1446,2005,20,40,119,78,64,65,225,40,10,12,2,0,63,0x37bd,120,535,535,288,0,0,0,0,0,0,0,0,0,0,7539,500,604,100,604,100,604,100,604,100,12999,100,12999,100,14233,100,0,0
2502,IFRIT,Fire Deux,Fire Deux,140,5000000,4000,5000000,5000000,3,4626,6776,30,50,123,180,32,189,194,58,10,12,2,0,83,0x37bd,120,423,423,360,0,0,0,0,0,0,0,0,0,0,12281,500,604,100,604,100,12999,100,12999,100,14233,100,14234,100,12103,35,0,0

2503,POURING,Aqua Sbirro,Aqua Sbirro,80,200000,1000,20000,20000,1,550,1450,10,30,79,58,66,92,136,58,10,0,0,3,61,0x37bd,120,1055,1055,480,0,0,0,0,0,0,0,0,0,0,0,0,604,100,604,100,604,100,604,100,604,100,604,100,12999,100,0,0
2504,AQUA_ELEMENTAL,Aqua Hero,Aqua Hero,110,700000,2000,70000,70000,1,616,1066,20,40,12,129,45,169,172,60,10,12,2,0,81,0x37bd,120,447,447,480,0,0,0,0,0,0,0,0,0,0,7539,500,604,100,604,100,604,100,604,100,12999,100,12999,100,14233,100,0,0
2505,DRAKE,Aqua Deux,Aqua Deux,140,5000000,4000,5000000,5000000,1,1762,2537,30,50,170,162,100,152,153,109,10,12,1,1,29,0x37bd,120,259,259,360,0,0,0,0,0,0,0,0,0,0,12281,500,604,100,604,100,12999,100,12999,100,14233,100,14234,100,12103,35,0,0

2506,ICE_TITAN,Ice Sbirro,Ice Sbirro,80,200000,1000,20000,20000,1,837,935,10,30,126,52,117,23,101,42,10,12,2,0,61,0x37bd,120,873,873,144,0,0,0,0,0,0,0,0,0,0,0,0,604,100,604,100,604,100,604,100,604,100,604,100,12999,100,0,0
2507,GARM,Ice Hero,Ice Hero,110,700000,2000,70000,70000,3,1709,2454,20,40,111,159,109,89,122,82,10,12,2,2,81,0x37bd,120,493,493,336,0,0,0,0,0,0,0,0,0,0,7539,500,604,100,604,100,604,100,604,100,12999,100,12999,100,14233,100,0,0
2508,KTULLANUX,Ice Deux,Ice Deux,140,5000000,4000,5000000,5000000,3,2493,3648,30,50,109,154,45,153,211,139,10,12,2,2,81,0x37bd,120,380,380,216,0,0,0,0,0,0,0,0,0,0,12281,500,604,100,604,100,12999,100,12999,100,14233,100,14234,100,12103,35,0,0

2509,TENDRILRION,Nature Sbirro,Nature Sbirro,80,200000,1000,20000,20000,1,1002,2322,10,30,119,69,10,53,152,21,10,12,2,2,42,0x37bd,120,2986,2986,336,0,0,0,0,0,0,0,0,0,0,0,0,604,100,604,100,604,100,604,100,604,100,604,100,12999,100,0,0
2510,GOPINICH,Nature Hero,Nature Hero,110,700000,2000,70000,70000,3,1814,2609,20,40,72,90,79,137,196,54,10,12,2,2,62,0x37bd,120,1167,1167,432,0,0,0,0,0,0,0,0,0,0,7539,500,604,100,604,100,604,100,604,100,12999,100,12999,100,14233,100,0,0
2511,ENTWEIHEN,Nature Deux,Nature Deux,140,5000000,4000,5000000,5000000,12,3700,5460,30,50,10,79,49,258,228,39,10,12,1,6,87,0x37bc,1000,529,529,576,0,0,0,0,0,0,0,0,0,0,12281,500,604,100,604,100,12999,100,12999,100,14233,100,14234,100,12103,35,0,0

2512,MOROCC_2,Earth Sbirro,Earth Sbirro,80,200000,1000,20000,20000,1,1119,1552,10,30,111,79,26,18,151,51,10,12,1,6,67,0x37bd,120,1284,1284,432,0,0,0,0,0,0,0,0,0,0,0,0,604,100,604,100,604,100,604,100,604,100,604,100,12999,100,0,0
2513,ATROCE,Earth Hero,Earth Hero,110,700000,2000,70000,70000,2,1858,2671,20,40,150,132,55,77,130,112,10,12,2,2,67,0x37bd,120,628,628,240,0,0,0,0,0,0,0,0,0,0,7539,500,604,100,604,100,604,100,604,100,12999,100,12999,100,14233,100,0,0
2514,MOROCC,Earth Deux,Earth Deux,140,5000000,4000,5000000,5000000,2,3164,4588,30,50,132,150,35,230,169,52,10,12,2,6,87,0x37bd,120,367,367,432,0,0,0,0,0,0,0,0,0,0,12281,500,604,100,604,100,12999,100,12999,100,14233,100,14234,100,12103,35,0,0

2515,HELL_APOCALIPS,Machina Sbirro,Machina Sbirro,80,200000,1000,20000,20000,2,880,1192,10,30,90,54,39,101,113,89,10,12,3,0,40,0x37bd,120,2690,2690,384,0,0,0,0,0,0,0,0,0,0,0,0,604,100,604,100,604,100,604,100,604,100,604,100,12999,100,0,0
2516,RSX_0806,Machina Hero,Machina Hero,110,700000,2000,70000,70000,1,2105,3031,20,40,142,92,60,52,155,141,10,12,2,0,60,0x37bd,120,344,344,240,0,0,0,0,0,0,0,0,0,0,7539,500,604,100,604,100,604,100,604,100,12999,100,12999,100,14233,100,0,0
2517,APOCALIPS_H,Machina Deux,Machina Deux,140,5000000,4000,5000000,5000000,3,2401,3449,30,50,139,77,50,101,216,202,10,12,2,2,46,0x37bd,120,442,442,432,0,0,0,0,0,0,0,0,0,0,12281,500,604,100,604,100,12999,100,12999,100,14233,100,14234,100,12103,35,0,0

2518,UNGOLIANT,Insect Sbirro,Insect Sbirro,80,200000,1000,20000,20000,1,689,733,10,30,52,77,81,42,152,65,10,12,2,4,45,0x37bd,120,706,706,420,0,0,0,0,0,0,0,0,0,0,0,0,604,100,604,100,604,100,604,100,604,100,604,100,12999,100,0,0
2519,QUEEN_SCARABA,Insect Hero,Insect Hero,110,700000,2000,70000,70000,1,1889,3129,20,40,40,40,40,260,105,301,10,12,2,4,62,0x37bd,120,461,461,576,0,0,0,0,0,0,0,0,0,0,7539,500,604,100,604,100,604,100,604,100,12999,100,12999,100,14233,100,0,0
2520,MAYA,Insect Deux,Insect Deux,140,5000000,4000,5000000,5000000,1,1333,1912,30,50,149,150,121,149,129,161,10,12,2,4,82,0x37bd,120,304,304,480,0,0,0,0,0,0,0,0,0,0,12281,500,604,100,604,100,12999,100,12999,100,14233,100,14234,100,12103,35,0,0

2521,CENTIPEDE,Venom Sbirro,Venom Sbirro,80,200000,1000,20000,20000,2,601,713,10,30,130,57,42,15,150,23,10,12,1,4,45,0x37bd,120,4302,4302,336,0,0,0,0,0,0,0,0,0,0,0,0,604,100,604,100,604,100,604,100,604,100,604,100,12999,100,0,0
2522,FALLINGBISHOP,Venom Hero,Venom Hero,110,700000,2000,70000,70000,1,2612,3756,20,40,11,121,32,182,174,40,10,12,1,6,47,0x37bd,120,629,629,360,0,0,0,0,0,0,0,0,0,0,7539,500,604,100,604,100,604,100,604,100,12999,100,12999,100,14233,100,0,0
2523,BEELZEBUB_,Venom Deux,Venom Deux,140,5000000,4000,5000000,5000000,2,3685,5365,30,50,13,106,185,229,155,67,10,12,2,6,88,0x37bd,120,371,371,432,0,0,0,0,0,0,0,0,0,0,12281,500,604,100,604,100,12999,100,12999,100,14233,100,14234,100,12103,35,0,0

2524,MUTANT_DRAGON,Dragon Sbirro,Dragon Sbirro,80,200000,1000,20000,20000,4,1036,1484,10,30,118,79,55,108,76,61,10,12,2,9,43,0x37bd,120,1572,1572,240,0,0,0,0,0,0,0,0,0,0,0,0,604,100,604,100,604,100,604,100,604,100,604,100,12999,100,0,0
2525,HYDRO,Dragon Hero,Dragon Hero,110,700000,2000,70000,70000,3,849,1153,20,40,11,138,156,124,135,54,10,12,2,9,47,0x37bd,120,317,317,432,0,0,0,0,0,0,0,0,0,0,7539,500,604,100,604,100,604,100,604,100,12999,100,12999,100,14233,100,0,0
2526,S_NYDHOG,Dragon Deux,Dragon Deux,140,5000000,4000,5000000,5000000,2,3350,4966,30,50,11,196,49,213,196,49,10,12,2,9,87,0x37bd,120,623,623,360,0,0,0,0,0,0,0,0,0,0,12281,500,604,100,604,100,12999,100,12999,100,14233,100,14234,100,12103,35,0,0

2527,THA_ODIUM,Ghost Sbirro,Ghost Sbirro,80,200000,1000,20000,20000,9,841,1144,10,30,72,40,118,49,130,67,10,12,2,1,88,0x37bd,120,840,840,420,0,0,0,0,0,0,0,0,0,0,0,0,604,100,604,100,604,100,604,100,604,100,604,100,12999,100,0,0
2528,MOROCC_4,Ghost Hero,Ghost Hero,110,700000,2000,70000,70000,1,906,1235,20,40,69,69,39,227,132,29,10,12,1,6,68,0x37bd,120,1094,1094,432,0,0,0,0,0,0,0,0,0,0,7539,500,604,100,604,100,604,100,604,100,12999,100,12999,100,14233,100,0,0
2529,GLOOMUNDERNIGHT,Ghost Deux,Ghost Deux,140,5000000,4000,5000000,5000000,3,2778,4003,30,50,151,172,149,121,168,83,10,12,2,0,68,0x37bd,120,758,758,576,0,0,0,0,0,0,0,0,0,0,12281,500,604,100,604,100,12999,100,12999,100,14233,100,14234,100,12103,35,0,0

2530,CORNUS,Wind Sbirro,Wind Sbirro,80,200000,1000,20000,20000,2,288,810,10,30,89,39,66,155,84,16,10,12,1,2,46,0x37bd,120,2738,2738,480,0,0,0,0,0,0,0,0,0,0,0,0,604,100,604,100,604,100,604,100,604,100,604,100,12999,100,0,0
2531,MOROCC_1,Wind Hero,Wind Hero,110,700000,2000,70000,70000,1,1271,1778,20,40,122,124,30,147,150,60,10,12,2,8,27,0x37bd,120,999,999,432,0,0,0,0,0,0,0,0,0,0,7539,500,604,100,604,100,604,100,604,100,12999,100,12999,100,14233,100,0,0
2532,WISH_MAIDEN,Wind Deux,Wind Deux,140,5000000,4000,5000000,5000000,3,6500,9800,30,50,18,18,99,331,18,99,10,12,2,8,28,0x37bd,120,1011,1011,480,0,0,0,0,0,0,0,0,0,0,12281,500,604,100,604,100,12999,100,12999,100,14233,100,14234,100,12103,35,0,0

2533,NECROMANCER,Undead Sbirro,Undead Sbirro,80,200000,1000,20000,20000,1,805,1088,10,30,10,48,10,158,139,17,10,12,1,1,89,0x37bd,120,2130,2130,420,0,0,0,0,0,0,0,0,0,0,0,0,604,100,604,100,604,100,604,100,604,100,604,100,12999,100,0,0
2534,OSIRIS,Undead Hero,Undead Hero,110,700000,2000,70000,70000,1,1429,2061,20,40,14,159,77,89,179,94,10,12,1,1,89,0x37bd,120,660,660,384,0,0,0,0,0,0,0,0,0,0,7539,500,604,100,604,100,604,100,604,100,12999,100,12999,100,14233,100,0,0
2535,LORD_OF_DEATH,Undead Deux,Undead Deux,140,5000000,4000,5000000,5000000,3,3526,5173,30,50,13,164,63,179,172,181,10,12,2,6,67,0x37bd,120,554,554,360,0,0,0,0,0,0,0,0,0,0,12281,500,604,100,604,100,12999,100,12999,100,14233,100,14234,100,12103,35,0,0

2536,MOROCC_3,Demon Sbirro,Demon Sbirro,80,200000,1000,20000,20000,2,884,1209,10,30,40,173,25,58,90,39,10,12,1,6,69,0x37bd,120,770,770,432,0,0,0,0,0,0,0,0,0,0,0,0,604,100,604,100,604,100,604,100,604,100,604,100,12999,100,0,0
2537,DRACULA,Demon Hero,Demon Hero,110,700000,2000,70000,70000,3,1218,1747,20,40,11,130,124,120,119,137,10,12,2,6,87,0x37bd,120,709,709,576,0,0,0,0,0,0,0,0,0,0,7539,500,604,100,604,100,604,100,604,100,12999,100,12999,100,14233,100,0,0
2538,BAPHOMET_I,Demon Deux,Demon Deux,140,5000000,4000,5000000,5000000,2,4200,6500,30,50,11,192,16,112,249,124,10,12,2,6,67,0x37bd,120,826,826,576,0,0,0,0,0,0,0,0,0,0,12281,500,604,100,604,100,12999,100,12999,100,14233,100,14234,100,12103,35,0,0

2539,RETRIBUTION,Kaos Sbirro,Kaos Sbirro,80,200000,1000,20000,20000,2,871,1190,10,30,34,131,65,70,123,39,10,12,1,8,67,0x37bd,120,719,719,360,0,0,0,0,0,0,0,0,0,0,0,0,604,100,604,100,604,100,604,100,604,100,604,100,12999,100,0,0
2540,BLOODY_KNIGHT,Kaos Hero,Kaos Hero,110,700000,2000,70000,70000,3,942,1065,20,40,119,103,98,106,164,79,10,12,2,0,87,0x37bd,120,690,690,192,0,0,0,0,0,0,0,0,0,0,7539,500,604,100,604,100,604,100,604,100,12999,100,12999,100,14233,100,0,0
2541,DUNEYRR,Kaos Deux,Kaos Deux,140,5000000,4000,5000000,5000000,2,833,1134,30,50,15,169,113,164,226,80,10,12,2,7,62,0x37bd,120,935,935,480,0,0,0,0,0,0,0,0,0,0,12281,500,604,100,604,100,12999,100,12999,100,14233,100,14234,100,12103,35,0,0

2542,BACSOJIN,Takeshi Sbirro,Takeshi Sbirro,80,200000,1000,20000,20000,2,560,1446,10,30,55,88,51,106,130,52,10,12,2,7,41,0x37bd,120,620,620,480,0,0,0,0,0,0,0,0,0,0,0,0,604,100,604,100,604,100,604,100,604,100,604,100,12999,100,0,0
2543,INCANTATION_SAMURAI,Takeshi Hero,Takeshi Hero,110,700000,2000,70000,70000,3,2001,2880,20,40,117,109,47,109,183,80,10,12,2,7,67,0x37bd,120,723,723,576,0,0,0,0,0,0,0,0,0,0,7539,500,604,100,604,100,604,100,604,100,12999,100,12999,100,14233,100,0,0
2544,DARK_SNAKE_LORD,Takeshi Deux,Takeshi Deux,140,5000000,4000,5000000,5000000,3,2000,2887,30,50,112,129,57,127,241,137,10,12,2,2,68,0x37bd,120,329,329,420,0,0,0,0,0,0,0,0,0,0,12281,500,604,100,604,100,12999,100,12999,100,14233,100,14234,100,12103,35,0,0

//Elemental Test Targets
2601,NEUTRAL_TARGET,Neutral Target,Neutral Target,1,100000000,0,0,0,1,0,0,0,0,1,1,1,1,1,1,10,12,1,7,20,0x120,300,1288,288,384,0,0,0,0,0,0,0,0,0,0,0,0,0,0,0,0,0,0,0,0,0,0,0,0,0,0,0,0
2602,EARTH_TARGET,Earth Target,Earth Target,1,100000000,0,0,0,1,0,0,0,0,1,1,1,1,1,1,10,12,1,7,22,0x120,300,1288,288,384,0,0,0,0,0,0,0,0,0,0,0,0,0,0,0,0,0,0,0,0,0,0,0,0,0,0,0,0
2603,WIND_TARGET,Wind Target,Wind Target,1,100000000,0,0,0,1,0,0,0,0,1,1,1,1,1,1,10,12,1,7,24,0x120,300,1288,288,384,0,0,0,0,0,0,0,0,0,0,0,0,0,0,0,0,0,0,0,0,0,0,0,0,0,0,0,0
2604,WATER_TARGET,Water Target,Water Target,1,100000000,0,0,0,1,0,0,0,0,1,1,1,1,1,1,10,12,1,7,21,0x120,300,1288,288,384,0,0,0,0,0,0,0,0,0,0,0,0,0,0,0,0,0,0,0,0,0,0,0,0,0,0,0,0
2605,FIRE_TARGET,Fire Target,Fire Target,1,100000000,0,0,0,1,0,0,0,0,1,1,1,1,1,1,10,12,1,7,23,0x120,300,1288,288,384,0,0,0,0,0,0,0,0,0,0,0,0,0,0,0,0,0,0,0,0,0,0,0,0,0,0,0,0
2606,GHOST_TARGET,Ghost Target,Ghost Target,1,100000000,0,0,0,1,0,0,0,0,1,1,1,1,1,1,10,12,1,7,28,0x120,300,1288,288,384,0,0,0,0,0,0,0,0,0,0,0,0,0,0,0,0,0,0,0,0,0,0,0,0,0,0,0,0
2607,SHADOW_TARGET,Shadow Target,Shadow Target,1,100000000,0,0,0,1,0,0,0,0,1,1,1,1,1,1,10,12,1,7,27,0x120,300,1288,288,384,0,0,0,0,0,0,0,0,0,0,0,0,0,0,0,0,0,0,0,0,0,0,0,0,0,0,0,0
2608,HOLY_TARGET,Holy Target,Holy Target,1,100000000,0,0,0,1,0,0,0,0,1,1,1,1,1,1,10,12,1,7,26,0x120,300,1288,288,384,0,0,0,0,0,0,0,0,0,0,0,0,0,0,0,0,0,0,0,0,0,0,0,0,0,0,0,0
2609,POISON_TARGET,Poison Target,Poison Target,1,100000000,0,0,0,1,0,0,0,0,1,1,1,1,1,1,10,12,1,7,25,0x120,300,1288,288,384,0,0,0,0,0,0,0,0,0,0,0,0,0,0,0,0,0,0,0,0,0,0,0,0,0,0,0,0
2610,UNDEAD_TARGET,Undead Target,Undead Target,1,100000000,0,0,0,1,0,0,0,0,1,1,1,1,1,1,10,12,1,7,29,0x120,300,1288,288,384,0,0,0,0,0,0,0,0,0,0,0,0,0,0,0,0,0,0,0,0,0,0,0,0,0,0,0,0
2611,EMPERIUM_TARGET,Emperium Target,Emperium Target,90,100000000,0,0,0,1,60,71,40,50,1,17,80,50,26,20,10,12,0,8,26,0x120,300,1288,288,384,0,0,0,0,0,0,0,0,0,0,0,0,0,0,0,0,0,0,0,0,0,0,0,0,0,0,0,0
//2611,EMPERIUM_TARGET,Emperium Target,Emperium Target,90,100000000,0,0,0,1,60,71,0,0,1,17,80,50,26,20,10,12,0,8,26,0x160,300,1288,288,384,0,0,0,0,0,0,0,0,0,0,0,0,0,0,0,0,0,0,0,0,0,0,0,0,0,0,0,0

// Poring Pacman
2907,PORING,ciudadano_knight,ciudadano_knight,50,8500,350,1,1,1,130,320,10,5,70,50,70,10,70,10,10,12,1,7,60, 0x81,125,1100,672,480,0,0,0,0,0,0,0,0,671,1,673,1,674,1,0,0,0,0,0,0,0,0,0,0,0,0,0,0
2909,PORING,ciudadana_priest,ciudadana_priest,50,7800,700,1,1,1,40,120,10,5,10,10,70,70,70,10,10,12,1,7,60, 0x81,125,1300,672,480,0,0,0,0,0,0,0,0,671,1,673,1,674,1,0,0,0,0,0,0,0,0,0,0,0,0,0,0
2911,PORING,ciudadana_wizard,ciudadana_wizard,50,6500,750,1,1,1,30,100,10,5,10,10,10,70,70,10,10,12,1,7,60, 0x81,125,1300,672,480,0,0,0,0,0,0,0,0,671,1,673,1,674,1,0,0,0,0,0,0,0,0,0,0,0,0,0,0
2916,PORING,ciudadano_hunter,ciudadano_hunter,50,7000,300,1,1,15,110,200,10,5,10,70,10,10,70,20,10,12,1,7,60, 0x81,125,850,672,480,0,0,0,0,0,0,0,0,671,1,673,1,674,1,0,0,0,0,0,0,0,0,0,0,0,0,0,0
2917,PORING,ciudadana_assa,ciudadana_assa,50,7500,200,1,1,1,110,210,10,5,70,70,20,10,70,70,10,12,1,7,60, 0x81,125,900,672,480,0,0,0,0,0,0,0,0,671,1,673,1,674,1,0,0,0,0,0,0,0,0,0,0,0,0,0,0
2921,PORING,ciudadano_monk,ciudadano_monk,50,8000,400,1,1,1,100,180,10,5,70,50,50,70,70,10,10,12,1,7,60, 0x81,125,1050,672,480,0,0,0,0,0,0,0,0,671,1,673,1,674,1,0,0,0,0,0,0,0,0,0,0,0,0,0,0

2999,DROPS,Novice,Novice,3,55,0,4,3,1,10,13,0,0,1,3,3,0,12,15,10,12,1,3,23,0x83,00,1372,672,480,0,0,0,0,0,0,0,0,909,7500,1602,80,938,500,512,1100,713,1700,512,80,620,20,0,0,0,0,4004,1


// Poring Family (3000-3099)
3000,HOLLOW_PORING,Hollow_Poring,Hollow_Poring,1,60,0,27,20,1,8,9,2,5,6,1,1,0,6,5,10,12,1,3,21,0x83,400,1872,672,480,0,0,0,0,0,0,0,0,0,0,0,0,0,0,0,0,0,0,0,0,0,0,0,0,0,0,0,0

3001,AQUARING,Aquaring,Aquaring,1,60,0,27,20,1,8,9,2,5,6,1,1,0,6,5,10,12,1,3,21,0x83,400,1872,672,480,0,0,0,0,0,0,0,0,0,0,0,0,0,0,0,0,0,0,0,0,0,0,0,0,0,0,0,0
3002,SAPLING,Sapling,Sapling,1,60,0,27,20,1,8,9,2,5,6,1,1,0,6,5,10,12,1,3,21,0x83,400,1872,672,480,0,0,0,0,0,0,0,0,0,0,0,0,0,0,0,0,0,0,0,0,0,0,0,0,0,0,0,0
3003,ICERING,Icering,Icering,1,60,0,27,20,1,8,9,2,5,6,1,1,0,6,5,10,12,1,3,21,0x83,400,1872,672,480,0,0,0,0,0,0,0,0,0,0,0,0,0,0,0,0,0,0,0,0,0,0,0,0,0,0,0,0
3004,COWRING,Cowring,Cowring,1,60,0,27,20,1,8,9,2,5,6,1,1,0,6,5,10,12,1,3,21,0x83,400,1872,672,480,0,0,0,0,0,0,0,0,0,0,0,0,0,0,0,0,0,0,0,0,0,0,0,0,0,0,0,0
3005,PUMPKINRING,Pumpkinring,Pumpkingring,1,60,0,27,20,1,8,9,2,5,6,1,1,0,6,5,10,12,1,3,21,0x83,400,1872,672,480,0,0,0,0,0,0,0,0,0,0,0,0,0,0,0,0,0,0,0,0,0,0,0,0,0,0,0,0
3006,RAINBOWING,Rainbowing,Rainbowing,1,60,0,27,20,1,8,9,2,5,6,1,1,0,6,5,10,12,1,3,21,0x83,400,1872,672,480,0,0,0,0,0,0,0,0,0,0,0,0,0,0,0,0,0,0,0,0,0,0,0,0,0,0,0,0

3007,BLOCKRING,Blockring,Blockring,1,60,0,27,20,1,8,9,2,5,6,1,1,0,6,5,10,12,1,3,21,0x83,400,1872,672,480,0,0,0,0,0,0,0,0,0,0,0,0,0,0,0,0,0,0,0,0,0,0,0,0,0,0,0,0
3008,BRONZERING,Bronzering,Bronzering,40,3300,0,0,0,1,300,400,0,0,1,13,13,25,27,9,10,12,2,2,23,0x83,310,1564,864,576,0,0,0,0,0,0,0,0,0,0,0,0,0,0,0,0,0,0,0,0,0,0,0,0,0,0,0,0
3009,SILVERING,Silvering,Silvering,50,3500,0,0,0,1,300,400,0,0,1,13,13,25,27,9,10,12,2,2,23,0x83,300,1564,864,576,0,0,0,0,0,0,0,0,0,0,0,0,0,0,0,0,0,0,0,0,0,0,0,0,0,0,0,0
3010,GOLDRING,Goldring,Goldring,60,3700,0,0,0,1,300,400,0,0,1,13,13,25,27,9,10,12,2,2,23,0x83,290,1564,864,576,0,0,0,0,0,0,0,0,0,0,0,0,0,0,0,0,0,0,0,0,0,0,0,0,0,0,0,0

3011,CHELOURING,Chelouring,Chelouring,1,60,0,27,20,1,8,9,2,5,6,1,1,0,6,5,10,12,1,3,21,0x83,400,1872,672,480,0,0,0,0,0,0,0,0,0,0,0,0,0,0,0,0,0,0,0,0,0,0,0,0,0,0,0,0
3012,PSYCHORING,Psychoring,Psychoring,1,60,0,27,20,1,8,9,2,5,6,1,1,0,6,5,10,12,1,3,21,0x83,400,1872,672,480,0,0,0,0,0,0,0,0,0,0,0,0,0,0,0,0,0,0,0,0,0,0,0,0,0,0,0,0
3013,PUNKRING,Punkring,Punkring,1,60,0,27,20,1,8,9,2,5,6,1,1,0,6,5,10,12,1,3,21,0x83,400,1872,672,480,0,0,0,0,0,0,0,0,0,0,0,0,0,0,0,0,0,0,0,0,0,0,0,0,0,0,0,0

3014,FOXRING,Foxring,Foxring,1,60,0,27,20,1,8,9,2,5,6,1,1,0,6,5,10,12,1,3,21,0x83,400,1872,672,480,0,0,0,0,0,0,0,0,0,0,0,0,0,0,0,0,0,0,0,0,0,0,0,0,0,0,0,0
3015,NEKORING,Nekoring,Nekoring,1,60,0,27,20,1,8,9,2,5,6,1,1,0,6,5,10,12,1,3,21,0x83,400,1872,672,480,0,0,0,0,0,0,0,0,0,0,0,0,0,0,0,0,0,0,0,0,0,0,0,0,0,0,0,0
3016,PANDA_PORING,Panda Poring,Panda Poring,1,60,0,27,20,1,8,9,2,5,6,1,1,0,6,5,10,12,1,3,21,0x83,400,1872,672,480,0,0,0,0,0,0,0,0,0,0,0,0,0,0,0,0,0,0,0,0,0,0,0,0,0,0,0,0
3017,USAKORING,Usakoring,Usakoring,1,50,0,2,1,1,7,10,0,5,1,1,1,0,6,30,10,12,1,3,21,0x83,400,1872,672,480,0,0,0,0,0,0,0,0,909,7000,1202,100,938,400,512,1000,713,1500,512,150,619,20,0,0,0,0,30833,1
3018,TEDDYRING,Teddyring,Teddyring,1,60,0,27,20,1,8,9,2,5,6,1,1,0,6,5,10,12,1,3,21,0x83,400,1872,672,480,0,0,0,0,0,0,0,0,0,0,0,0,0,0,0,0,0,0,0,0,0,0,0,0,0,0,0,0
3019,PIKAPORING,PikaPoring,PikaPoring,1,60,0,27,20,1,8,9,2,5,6,1,1,0,6,5,10,12,1,3,21,0x83,400,1872,672,480,0,0,0,0,0,0,0,0,0,0,0,0,0,0,0,0,0,0,0,0,0,0,0,0,0,0,0,0

3020,FROGRING,Roda Frogring,Roda Frogring,1,60,0,27,20,1,8,9,2,5,6,1,1,0,6,5,10,12,1,3,21,0x83,400,1872,672,480,0,0,0,0,0,0,0,0,0,0,0,0,0,0,0,0,0,0,0,0,0,0,0,0,0,0,0,0
3021,T_FROGRING,Thara Frogring,Thara Frogring,1,60,0,27,20,1,8,9,2,5,6,1,1,0,6,5,10,12,1,3,21,0x83,400,1872,672,480,0,0,0,0,0,0,0,0,0,0,0,0,0,0,0,0,0,0,0,0,0,0,0,0,0,0,0,0
3022,WHISPERING,Whispering,Whispering,1,60,0,27,20,1,8,9,2,5,6,1,1,0,6,5,10,12,1,3,21,0x83,400,1872,672,480,0,0,0,0,0,0,0,0,0,0,0,0,0,0,0,0,0,0,0,0,0,0,0,0,0,0,0,0
3023,DEVIRING,Deviring,Deviring,1,60,0,27,20,1,8,9,2,5,6,1,1,0,6,5,10,12,1,3,21,0x83,400,1872,672,480,0,0,0,0,0,0,0,0,0,0,0,0,0,0,0,0,0,0,0,0,0,0,0,0,0,0,0,0
3024,GHOULING,Ghouling,Ghouling,1,60,0,27,20,1,8,9,2,5,6,1,1,0,6,5,10,12,1,3,21,0x83,400,1872,672,480,0,0,0,0,0,0,0,0,0,0,0,0,0,0,0,0,0,0,0,0,0,0,0,0,0,0,0,0
3025,ORCING,Orcing,Orcing,1,60,0,27,20,1,8,9,2,5,6,1,1,0,6,5,10,12,1,3,21,0x83,400,1872,672,480,0,0,0,0,0,0,0,0,0,0,0,0,0,0,0,0,0,0,0,0,0,0,0,0,0,0,0,0
3026,SKELING,Skeling,Skeling,1,60,0,27,20,1,8,9,2,5,6,1,1,0,6,5,10,12,1,3,21,0x83,400,1872,672,480,0,0,0,0,0,0,0,0,0,0,0,0,0,0,0,0,0,0,0,0,0,0,0,0,0,0,0,0
3027,PCRING,PCring,PCring,1,60,0,27,20,1,8,9,2,5,6,1,1,0,6,5,10,12,1,3,21,0x83,400,1872,672,480,0,0,0,0,0,0,0,0,0,0,0,0,0,0,0,0,0,0,0,0,0,0,0,0,0,0,0,0

3028,JET_PORING,Jet_Poring,Jet_Poring,1,60,0,27,20,1,8,9,2,5,6,1,1,0,6,5,10,12,1,3,21,0x83,400,1872,672,480,0,0,0,0,0,0,0,0,0,0,0,0,0,0,0,0,0,0,0,0,0,0,0,0,0,0,0,0
3029,HEARTRING,Heartring,Heartring,1,60,0,27,20,1,8,9,2,5,6,1,1,0,6,5,10,12,1,3,21,0x83,400,1872,672,480,0,0,0,0,0,0,0,0,0,0,0,0,0,0,0,0,0,0,0,0,0,0,0,0,0,0,0,0
3030,SERAPHING,Seraphing,Seraphing,1,60,0,27,20,1,8,9,2,5,6,1,1,0,6,5,10,12,1,3,21,0x83,400,1872,672,480,0,0,0,0,0,0,0,0,0,0,0,0,0,0,0,0,0,0,0,0,0,0,0,0,0,0,0,0
3031,LUNARING,Lunaring,Lunaring,31,758,0,22,13,1,25,170,13,23,10,31,3,13,90,85,10,12,1,8,26,927,300,1872,622,436,0,0,0,0,0,0,0,0,0,0,0,0,0,0,0,0,0,0,0,0,11702,45,12188,1,0,0,0,0

3032,NUKERING,Nukering,Nukering,1,60,0,27,20,1,8,9,2,5,6,1,1,0,6,5,10,12,1,3,21,0x83,400,1872,672,480,0,0,0,0,0,0,0,0,0,0,0,0,0,0,0,0,0,0,0,0,0,0,0,0,0,0,0,0

3033,GODPORING,God Poring,God Poring,1,60,0,27,20,1,8,9,2,5,6,1,1,0,6,5,10,12,1,3,21,0x83,400,1872,672,480,0,0,0,0,0,0,0,0,0,0,0,0,0,0,0,0,0,0,0,0,0,0,0,0,0,0,0,0
3034,MASTERDROPS,Masterdrops,Masterdrops,3,2680,0,30,10,1,18,24,0,13,3,6,6,4,23,63,10,12,1,3,21,0x37B5,300,1072,672,480,0,0,0,0,0,0,0,0,0,0,0,0,0,0,0,0,0,0,0,0,0,0,0,0,0,0,0,0
3035,MASTERMARIN,Mastermarin,Mastermarin,18,4425,0,30,10,1,18,24,3,15,6,9,9,10,37,70,10,12,1,3,21,0x37B5,300,1072,672,480,0,0,0,0,0,0,0,0,0,0,0,0,0,0,0,0,0,0,0,0,0,0,0,0,0,0,0,0
3036,MASTERPOPORING,Masterpoporing,Masterpoporing,12,3955,0,30,10,1,18,24,2,11,5,7,7,20,37,70,10,12,1,3,21,0x37B5,300,1072,672,480,0,0,0,0,0,0,0,0,0,0,0,0,0,0,0,0,0,0,0,0,0,0,0,0,0,0,0,0

3037,PORING_KNIGHT,Poring Seyren,Poring Lord Knight Seyren,99,347590,0,18000,10000,1,4238,5040,72,37,120,110,81,65,130,52,10,12,1,7,83,0x37B5,100,76,384,288,0,0,0,0,0,0,0,0,0,0,0,0,0,0,0,0,0,0,0,0,0,0,617,10,0,0,0,0
3038,PORING_PRIEST,Poring Magaleta,Poring High Priest Margaretha,99,182910,0,18000,10000,1,1688,2580,35,78,1,84,64,182,92,100,10,12,1,7,86,0x37B5,125,1152,384,288,0,0,0,0,0,0,0,0,0,0,0,0,0,0,0,0,0,0,0,0,0,0,617,10,0,0,0,0
3039,PORING_HUNTER,Poring Shecil,Poring Sniper Cecil,99,209000,0,18000,10000,14,1892,5113,22,35,1,180,39,67,193,130,10,12,1,7,84,0x37B5,100,76,384,288,0,0,0,0,0,0,0,0,0,0,0,0,0,0,0,0,0,0,0,0,0,0,617,10,0,0,0,0
3040,PORING_WIZARD,Poring Katrinn,Poring High Wizard Kathryne,99,189920,0,18000,10000,1,497,2094,10,88,1,89,42,223,128,93,10,12,1,7,68,0x37B5,150,1152,384,288,0,0,0,0,0,0,0,0,0,0,0,0,0,0,0,0,0,0,0,0,0,0,617,10,0,0,0,0
3041,PORING_BLACKSMITH,Poring Harword,Poring Whitesmith Howard,99,310000,0,18000,10000,1,4822,5033,66,36,100,73,112,35,136,60,10,12,1,7,81,0x37B5,100,76,384,288,0,0,0,0,0,0,0,0,0,0,0,0,0,0,0,0,0,0,0,0,0,0,617,10,0,0,0,0
3042,PORING_ASSASSIN,Poring Eremes,Poring Assassin Cross Eremes,99,211230,0,18000,10000,1,3189,5289,27,39,90,181,62,37,122,60,10,12,1,7,85,0x37B5,100,76,384,288,0,0,0,0,0,0,0,0,0,0,0,0,0,0,0,0,0,0,0,0,0,0,617,10,0,0,0,0
//3043,PORING_GM,Poring GM,poring_gm,140,5000000,4000,5000000,5000000,3,73430,95150,30,50,112,129,57,127,241,237,10,12,2,2,68,0x3FBD,120,329,329,420,0,0,0,0,0,0,0,0,0,0,0,0,0,0,0,0,0,0,0,0,0,0,0,0,0,0,0,0
3043,PORING_GM,Poring GM,poring_gm,140,347590,0,18000,10000,1,4238,5040,72,37,120,110,81,65,130,52,10,12,1,7,83,0x37B5,100,76,384,288,0,0,0,0,0,0,0,0,0,0,0,0,0,0,0,0,0,0,0,0,0,0,617,10,0,0,0,0
3044,PORING_HUNTER_F,Poring Shecil's Falcon,Sniper Cecil's Falcon,90,209000,0,18000,10000,14,1892,5113,22,35,1,180,39,67,193,130,10,12,1,7,84,0x37B5,100,76,384,288,0,0,0,0,0,0,0,0,0,0,0,0,0,0,0,0,0,0,0,0,0,0,617,10,0,0,0,0

3045,PASTELING,Pasteling,Pasteling,1,60,0,27,20,1,8,9,2,5,6,1,1,0,6,5,10,12,1,3,21,0x83,400,1872,672,480,0,0,0,0,0,0,0,0,0,0,0,0,0,0,0,0,0,0,0,0,0,0,0,0,0,0,0,0
3046,APPLERING,Red Applering,Red Applering,1,60,0,27,20,1,8,9,2,5,6,1,1,0,6,5,10,12,1,3,21,0x83,400,1872,672,480,0,0,0,0,0,0,0,0,0,0,0,0,0,0,0,0,0,0,0,0,0,0,0,0,0,0,0,0
3047,GREEN_APPLERING,Green Applering,Green Applering,1,60,0,27,20,1,8,9,2,5,6,1,1,0,6,5,10,12,1,3,21,0x83,400,1872,672,480,0,0,0,0,0,0,0,0,0,0,0,0,0,0,0,0,0,0,0,0,0,0,0,0,0,0,0,0

// Recolored Mobs (3100-3199)
3100,DARK_ATROCE,Atroce,Atroce,113,1502000,0,1080000,855000,2,2031,3534,313,176,121,165,135,99,152,113,10,12,2,2,67,0x37B5,150,576,600,240,540000,10000,607,5500,617,5000,617,5000,7563,7000,608,1000,2621,1000,617,5000,607,5000,5123,100,1175,100,0,0,0,0,0,0
3101,DARK_BAPHOMET,Baphomet,Baphomet,81,668000,0,396525,334106,2,2864,4148,279,45,120,125,30,85,155,85,10,12,2,6,67,0x37B5,100,768,768,576,198262,10000,607,2000,750,500,923,5000,1466,200,2256,200,1476,50,714,500,5160,10,985,5432,984,4171,0,0,0,0,0,0
3102,DARK_BEELZEBUB_,Beelzebub,Beelzebub,147,4805000,0,7050000,7050000,2,4200,8150,418,265,178,236,200,250,218,66,10,12,2,6,88,0x37B5,100,212,504,432,3525000,10000,607,5500,617,5000,617,5000,7754,9000,2423,2000,1565,2000,2000,2000,2702,2000,742,5500,6223,1000,0,0,0,0,0,0
3103,DARK_DETALE,Detale,Detardeurus,135,6005000,0,4320000,3420000,3,4072,6734,364,166,165,153,171,136,185,72,10,12,2,9,67,0x37B5,250,432,936,360,2160000,10000,617,5500,603,5000,732,2000,2649,1000,2648,1000,7444,5000,7451,3589,12080,1000,1417,100,5002,500,0,0,0,0,0,0
3104,DARK_DRAKE,Drake,Drake,91,804500,0,515160,417960,1,1938,3341,279,135,121,103,114,107,135,71,10,12,1,1,29,0x37B5,400,620,420,360,257580,10000,504,5000,719,500,0,0,1127,600,1125,950,1135,150,1128,400,5019,350,985,3200,1189,100,0,0,0,0,0,0
3105,DARK_EDDGA,Eddga,Eddga,65,247500,0,198000,148500,1,866,1342,166,70,92,80,103,66,90,85,10,12,2,2,23,0x37B5,300,872,1344,432,99000,10000,1029,5000,1030,1000,994,3000,1133,150,2268,250,518,10000,1258,500,1030,250,985,2300,13046,100,0,0,0,0,0,0
3106,DARK_GOPINICH,Gopinich,Gopinich,97,1120500,0,714240,580320,3,1988,3849,335,121,127,102,143,102,152,76,10,12,2,2,62,0x37B5,150,1536,864,432,357120,10000,607,5500,617,5000,617,5000,617,4000,2621,200,12080,1000,1737,100,1417,5,7444,5000,5007,1,0,0,0,0,0,0
3107,DARK_IFRIT,Ifrit,Ifrit,146,6935000,0,6696000,4860000,3,5375,8764,436,218,180,201,156,190,199,77,10,12,2,0,83,0x37B5,130,212,384,360,3348000,10000,603,5500,617,5000,616,2000,994,10000,2677,3000,2678,200,2679,200,1471,2000,1133,2000,2345,100,0,0,0,0,0,0
3108,DARK_STORMY_KNIGHT,Knight of Windstorm,Stormy Knight,92,630500,0,413800,302200,2,2677,4110,306,166,126,165,132,104,171,79,10,12,2,0,84,0x37B5,200,468,468,288,206900,10000,720,4500,2406,500,995,3000,1468,150,603,3000,617,4000,2621,200,2506,500,985,4559,5007,1,0,0,0,0,0,0
3109,DARK_LORD_OF_DEATH,Lord of Death,Lord of the Dead,94,603883,0,437121,345252,3,4116,5078,336,73,140,99,30,109,100,90,10,12,2,6,67,0x37B5,180,1446,1296,360,218560,10000,607,5500,732,5000,617,5000,7108,5335,1417,5,1230,10,2621,2,7109,10,1306,1,1529,2,0,0,0,0,0,0
3110,DARK_MAYA,Maya,Maya,55,380000,0,178560,133920,1,555,820,183,50,88,72,76,102,92,76,10,12,2,4,82,0x37B5,100,864,1000,480,89280,10000,730,2000,603,3000,617,2000,10006,500,2615,200,2234,200,639,500,7020,10,985,3500,2005,100,0,0,0,0,0,0
3111,DARK_MOROCC,Satan Morroc,Satan Morroc,151,5000000,0,4050000,3042000,2,3020,5900,425,65,165,185,200,245,180,89,10,12,2,6,87,0x37B5,100,76,540,432,2025000,10000,607,5500,617,5000,617,5000,5808,1000,2374,5000,2375,5000,2433,5000,7799,9000,7798,9000,0,0,0,0,0,0,0,0
3112,DARK_ORC_LORD,Orc Lord,Orc Lord,55,552000,0,156240,122760,1,780,1428,256,92,95,95,103,96,155,85,10,12,2,7,82,0x37B5,100,1248,500,360,78120,10000,968,5500,617,2000,0,0,1363,400,2621,400,5007,400,1371,400,617,1000,985,4268,16000,3100,0,0,0,0,0,0
3113,DARK_TURTLE_GENERAL,Turtle General,Turtle General,110,1442000,0,933120,748440,2,2438,4504,394,123,116,123,154,99,181,98,10,12,2,2,42,0x37B5,200,900,1000,500,466560,10000,967,5500,607,1500,617,2000,1529,8,1306,5,7480,200,1417,9,7070,5335,1141,80,658,1,0,0,0,0,0,0
3114,DARK_PHREEONI,Demon Phreeoni,Demon Phreeoni,71,300000,0,116000,180000,1,630,1597,269,98,88,70,112,87,102,71,10,12,2,2,60,0x37B5,200,1020,1020,288,58000,10000,1008,500,730,1000,1000,4000,1015,9700,1223,500,1236,150,1014,5000,2288,300,985,2900,13047,100,0,0,0,0,0,0
3115,DARK_VESPER,Dark Vesper,Dark Vesper,128,3802000,0,2700000,2250000,3,2620,7276,402,109,177,195,165,130,182,102,10,12,2,2,46,0x37B5,180,504,912,432,1350000,10000,617,5500,603,5000,732,2000,7095,5000,7094,3000,617,1000,2659,100,2660,100,2661,100,2662,100,0,0,0,0,0,0
3116,DARK_RANDGRIS,Dark Valkyrie Randgris,Dark Valkyrie Randgris,141,2205000,0,2000000,2200000,3,2895,9307,588,506,196,131,125,276,267,156,10,12,2,8,86,0x37B5,100,576,576,480,1000000,10000,617,5500,603,5000,616,2000,7510,5000,2357,1600,2524,3000,2421,3000,2229,5000,7024,2500,0,0,0,0,0,0,0,0
//
3120,GOLD_RAYDRIC,Gold Raydric,Gold Raydric,100,3000000,0,0,0,1,5000,9000,90,90,90,90,90,90,90,90,10,12,2,7,47,0x3095,150,824,780,420,0,0,0,0,0,0,0,0,0,0,0,0,0,0,0,0,0,0,0,0,0,0,0,0,0,0,0,0
3121,GOLD_RAYDRIC_ARCHER,Gold Raydric Archer,Gold Raydric Archer,80,800000,0,0,0,6,500,800,0,0,60,60,60,60,60,60,10,12,1,6,47,0x2185,200,1152,1152,480,0,0,0,0,0,0,0,0,0,0,0,0,0,0,0,0,0,0,0,0,0,0,0,0,0,0,0,0
3122,HIGH_ORC_LORD,High Orc Lord,High Orc Lord,55,552000,0,156240,122760,1,780,1428,256,92,95,95,103,96,155,85,10,12,2,7,82,0x37B5,100,1248,500,360,78120,10000,968,5500,617,2000,0,0,1363,400,2621,400,5007,400,1371,400,617,1000,985,4268,16000,3100,0,0,30824,1,0,0
3123,HIGH_ORC_ARCHER,High Orc Archer,High Orc Archer,78,4835,0,992,1161,9,341,445,67,31,1,32,24,30,99,15,10,12,1,7,22,0x3095,300,1960,620,480,0,0,0,0,0,0,0,0,1063,4656,1753,1000,1756,2500,1755,2500,1734,2,507,1400,509,900,0,0,0,0,0,0
3124,SILVER_THIEFBUG,Silver Thief Bug,Silver Thief Bug,65,222750,0,194400,155520,1,907,1750,159,81,71,77,80,62,127,76,10,12,2,4,68,0x11AB,100,768,768,480,97200,10000,2610,2000,701,1000,0,0,969,1000,1524,150,2246,250,10016,500,714,300,985,2000,984,1500,0,0,0,0,0,0

// Custom Mobs (3200-3299)
3200,INCANTATION_WARLOCK,Incantation Walock,Incantation Warlock,80,800000,0,0,0,6,500,800,0,0,80,80,80,80,80,80,10,12,1,6,47,0x2185,200,1152,1152,480,0,0,0,0,0,0,0,0,0,0,0,0,0,0,0,0,0,0,0,0,0,0,0,0,0,0,0,0
3201,INCANTATION_PALADIN,Incantation Paladin,Incantation Paladin,80,800000,0,0,0,6,500,800,0,0,80,80,80,80,80,80,10,12,1,6,47,0x2185,200,1152,1152,480,0,0,0,0,0,0,0,0,0,0,0,0,0,0,0,0,0,0,0,0,0,0,0,0,0,0,0,0
3202,INCANTATION_ASSASSIN,Incantation Assassin,Incantation Assassin,80,800000,0,0,0,6,500,800,0,0,80,80,80,80,80,80,10,12,1,6,47,0x2185,200,1152,1152,480,0,0,0,0,0,0,0,0,0,0,0,0,0,0,0,0,0,0,0,0,0,0,0,0,0,0,0,0
3203,INCANTATION_MECHA,Incantation Mechanic,Incantation Mechanic,80,800000,0,0,0,6,500,800,0,0,80,80,80,80,80,80,10,12,1,6,47,0x2185,200,1152,1152,480,0,0,0,0,0,0,0,0,0,0,0,0,0,0,0,0,0,0,0,0,0,0,0,0,0,0,0,0
3204,INCANTATION_TAEK,Incantation Taekwon,Incantation Taekwon,80,800000,0,0,0,6,500,800,0,0,80,80,80,80,80,80,10,12,1,6,47,0x2185,200,1152,1152,480,0,0,0,0,0,0,0,0,0,0,0,0,0,0,0,0,0,0,0,0,0,0,0,0,0,0,0,0
3205,INCANTATION_NINJA_M,Incantation Ninja,Incantation Ninja,80,800000,0,0,0,6,500,800,0,0,80,80,80,80,80,80,10,12,1,6,47,0x2185,200,1152,1152,480,0,0,0,0,0,0,0,0,0,0,0,0,0,0,0,0,0,0,0,0,0,0,0,0,0,0,0,0
3206,INCANTATION_NINJA_F,Incantation Ninja,Incantation Ninja,80,800000,0,0,0,6,500,800,0,0,80,80,80,80,80,80,10,12,1,6,47,0x2185,200,1152,1152,480,0,0,0,0,0,0,0,0,0,0,0,0,0,0,0,0,0,0,0,0,0,0,0,0,0,0,0,0
3207,SELENE,Selene,Selene,93,689360,0,25390,11929,3,2868,6924,20,41,56,68,49,101,150,78,12,14,1,7,68,14757,150,576,910,420,25198,10000,0,0,2645,100,12188,250,0,0,7539,5000,7165,1500,1234,500,12190,750,12191,100,12188,100,7837,15,5048,1,0,0
3208,SOBACO,Sobaco,Sobaco,1,100000,0,27,20,1,8,9,2,5,6,1,1,0,6,5,10,12,1,3,21,0x83,400,1872,672,480,0,0,0,0,0,0,0,0,0,0,0,0,0,0,0,0,0,0,0,0,0,0,0,0,0,0,0,0

// -- Duplicates --
3500,CHUNG_E_,Chung E,Green Maiden,82,3901,0,1049,1481,2,345,444,69,15,38,79,36,48,66,43,10,12,1,7,40,0x3695,170,1728,816,1188,0,0,0,0,0,0,0,0,0,0,0,0,0,0,0,0,0,0,0,0,0,0,0,0,0,0,0,0
3501,WOLF,Wolf,Wolf,45,1219,0,342,386,1,136,168,55,3,1,24,30,15,33,5,10,12,1,2,22,0x1089,200,1054,504,432,0,0,0,0,0,0,0,0,0,0,0,0,0,0,0,0,0,0,0,0,0,0,0,0,0,0,0,0
3502,ZOMBIE_SLAUGHTER,Zombie Slaughter,Zombie Slaughter,124,40440,0,3938,2702,1,806,1089,100,45,1,58,82,13,97,21,10,12,1,1,69,0x3695,200,676,648,432,0,0,0,0,0,0,0,0,0,0,0,0,0,0,0,0,0,0,0,0,0,0,0,0,0,0,0,0
3503,POPORING,Poporing,Poporing,30,524,0,198,224,1,106,135,36,17,1,26,20,18,36,5,10,12,1,3,25,0x83,300,1672,672,480,0,0,0,0,0,0,0,0,0,0,0,0,0,0,0,0,0,0,0,0,0,0,0,0,0,0,0,0
3504,PORING_,Santa Poring,Santa Poring,3,69,0,4,5,1,13,18,0,0,1,14,3,10,12,90,10,12,1,3,26,0x81,400,1672,672,480,0,0,0,0,0,0,0,0,0,0,0,0,0,0,0,0,0,0,0,0,0,0,0,0,0,0,0,0
3505,BOMBPORING,Bomb Poring,Bomb Poring,28,1000000,0,461,284,1,120,320,100,99,1,28,28,0,33,50,10,12,0,0,20,0x11AB,300,1672,672,480,0,0,0,0,0,0,0,0,0,0,0,0,0,0,0,0,0,0,0,0,0,0,0,0,0,0,0,0
3506,EMPELIUM,Emperium,Emperium,90,68430,0,0,0,1,60,71,40,50,1,17,80,50,26,20,10,12,0,8,26,0x120,300,1288,288,384,0,0,0,0,0,0,0,0,0,0,0,0,0,0,0,0,0,0,0,0,0,0,0,0,0,0,0,0
3507,SKELETON,Skeleton,Skeleton,27,612,0,162,183,1,78,102,21,2,24,15,30,5,19,1,10,12,1,1,29,0x91,200,2228,528,576,0,0,0,0,0,0,0,0,0,0,0,0,0,0,0,0,0,0,0,0,0,0,0,0,0,0,0,0
3508,ZOMBIE_MASTER,Zombie Master,Zombie Master,92,8780,0,1710,1857,1,499,629,78,46,55,60,48,49,72,48,10,12,1,1,29,0x3695,175,2612,912,288,0,0,0,0,0,0,0,0,0,0,0,0,0,0,0,0,0,0,0,0,0,0,0,0,0,0,0,0
3509,ORC_BABY,Orc Baby,Orc Baby,43,1122,0,315,354,1,64,75,49,3,25,1,32,20,31,35,10,12,0,7,22,0x3885,200,672,864,288,0,0,0,0,0,0,0,0,0,0,0,0,0,0,0,0,0,0,0,0,0,0,0,0,0,0,0,0
3510,ORK_WARRIOR,Orc Warrior,Orc Warrior,44,1434,0,350,540,1,71,104,52,3,32,15,24,15,16,10,10,12,1,7,22,0x3885,200,1864,864,288,0,0,0,0,0,0,0,0,0,0,0,0,0,0,0,0,0,0,0,0,0,0,0,0,0,0,0,0
3511,WOODEN_GOLEM,Wooden Golem,Wooden Golem,72,3914,0,950,1079,1,292,334,249,26,69,30,45,5,49,5,10,12,2,3,82,0x3885,165,1543,1632,480,0,0,0,0,0,0,0,0,0,0,0,0,0,0,0,0,0,0,0,0,0,0,0,0,0,0,0,0
3512,STALACTIC_GOLEM,Stalactic Golem,Stalactic Golem,68,2590,0,675,759,1,341,362,230,5,67,47,48,1,63,5,10,12,2,0,80,0x91,200,1264,864,288,0,0,0,0,0,0,0,0,0,0,0,0,0,0,0,0,0,0,0,0,0,0,0,0,0,0,0,0
3513,PICKY_,Picky,Picky,10,89,0,72,54,1,18,38,48,10,15,8,8,5,9,3,10,12,0,2,23,0x81,200,988,288,168,0,0,0,0,0,0,0,0,0,0,0,0,0,0,0,0,0,0,0,0,0,0,0,0,0,0,0,0
3514,PICKY,Picky,Picky,9,95,0,63,47,1,18,19,21,3,14,9,10,0,10,3,10,12,0,2,23,0x81,200,988,288,168,0,0,0,0,0,0,0,0,0,0,0,0,0,0,0,0,0,0,0,0,0,0,0,0,0,0,0,0
3515,PECOPECO,Peco Peco,Peco Peco,25,446,0,162,183,1,76,83,48,0,21,10,13,5,28,5,10,12,2,2,23,0x1089,200,1564,864,576,0,0,0,0,0,0,0,0,0,0,0,0,0,0,0,0,0,0,0,0,0,0,0,0,0,0,0,0
3516,GRAND_PECO,Grand Peco,Grand Peco,75,3150,0,887,998,2,316,372,95,30,63,45,50,23,51,25,10,12,2,2,43,0x1089,165,1460,960,432,0,0,0,0,0,0,0,0,0,0,0,0,0,0,0,0,0,0,0,0,0,0,0,0,0,0,0,0
3517,LEIB_OLMAI,Leib Olmai,Leib Olmai,87,6050,0,1314,1485,1,299,363,127,31,72,35,80,35,64,27,10,12,2,2,22,0x3695,175,1260,230,192,0,0,0,0,0,0,0,0,0,0,0,0,0,0,0,0,0,0,0,0,0,0,0,0,0,0,0,0
3518,GRIZZLY,Grizzly,Grizzly,66,2241,0,731,822,1,254,267,109,2,60,26,44,3,78,15,10,12,2,2,63,0x3885,165,1492,1092,192,0,0,0,0,0,0,0,0,0,0,0,0,0,0,0,0,0,0,0,0,0,0,0,0,0,0,0,0
3519,DRYAD,Dryad,Dryad,68,3640,0,837,939,3,266,301,153,8,54,14,40,35,67,10,10,12,1,3,82,0x3885,170,950,2520,576,0,0,0,0,0,0,0,0,0,0,0,0,0,0,0,0,0,0,0,0,0,0,0,0,0,0,0,0
3520,NOVUS,Novus,Novus,90,6670,0,1305,1505,1,388,445,95,48,74,56,57,25,90,45,10,12,0,9,20,0x3885,110,151,288,360,0,0,0,0,0,0,0,0,0,0,0,0,0,0,0,0,0,0,0,0,0,0,0,0,0,0,0,0
3521,DELETER_,Deleter,Deleter,105,10000,0,2099,1574,1,510,621,114,53,98,65,49,72,57,73,10,12,1,9,43,0x308D,175,1024,624,336,0,0,0,0,0,0,0,0,0,0,0,0,0,0,0,0,0,0,0,0,0,0,0,0,0,0,0,0
3522,CHONCHON_,Chonchon,Chonchon,4,67,0,5,4,1,10,13,10,0,1,10,4,5,12,2,10,12,0,4,24,0x3985,200,1076,576,480,0,0,0,0,0,0,0,0,0,0,0,0,0,0,0,0,0,0,0,0,0,0,0,0,0,0,0,0
3523,STEEL_CHONCHON,Steel Chonchon,Steel Chonchon,48,1199,0,369,414,1,77,112,57,20,30,62,20,10,56,10,10,12,0,4,24,0x118B,150,1076,576,480,0,0,0,0,0,0,0,0,0,0,0,0,0,0,0,0,0,0,0,0,0,0,0,0,0,0,0,0
3524,DRAGON_FLY,Dragon Fly,Dragon Fly,47,1035,0,360,405,1,165,206,57,28,37,44,30,15,44,15,10,12,0,4,24,0x37B5,100,1076,576,480,0,0,0,0,0,0,0,0,0,0,0,0,0,0,0,0,0,0,0,0,0,0,0,0,0,0,0,0
3525,GREEN_IGUANA,Green Iguana,Grove,55,2090,0,486,548,1,139,174,96,18,58,42,22,5,45,17,10,12,1,2,42,0x83,200,720,528,432,0,0,0,0,0,0,0,0,0,0,0,0,0,0,0,0,0,0,0,0,0,0,0,0,0,0,0,0
3526,ALLIGATOR,Alligator,Alligator,57,2430,0,486,548,1,150,187,62,30,47,48,24,15,36,26,10,12,1,2,21,0x91,200,1100,900,480,0,0,0,0,0,0,0,0,0,0,0,0,0,0,0,0,0,0,0,0,0,0,0,0,0,0,0,0

// Dance Room
3900,Eporing1,Eporing1,Eporing1,1,1,1,0,0,1,1,1,1,1,1,1,1,1,1,1,10,12,1,3,60,0,100,1872,672,480,0,0,0,0,0,0,0,0,0,0,0,0,0,0,0,0,0,0,0,0,0,0,0,0,0,0,0,0
3901,Eporing2,Eporing2,Eporing2,1,1,1,0,0,1,1,1,1,1,1,1,1,1,1,1,10,12,1,3,60,0,100,1872,672,480,0,0,0,0,0,0,0,0,0,0,0,0,0,0,0,0,0,0,0,0,0,0,0,0,0,0,0,0
3902,Eporing3,Eporing3,Eporing3,1,1,1,0,0,1,1,1,1,1,1,1,1,1,1,1,10,12,1,3,60,0,100,1872,672,480,0,0,0,0,0,0,0,0,0,0,0,0,0,0,0,0,0,0,0,0,0,0,0,0,0,0,0,0
3903,Eporing4,Eporing4,Eporing4,1,1,1,0,0,1,1,1,1,1,1,1,1,1,1,1,10,12,1,3,60,0,100,1872,672,480,0,0,0,0,0,0,0,0,0,0,0,0,0,0,0,0,0,0,0,0,0,0,0,0,0,0,0,0
3904,Eporing5,Eporing5,Eporing5,1,1,1,0,0,1,1,1,1,1,1,1,1,1,1,1,10,12,1,3,60,0,100,1872,672,480,0,0,0,0,0,0,0,0,0,0,0,0,0,0,0,0,0,0,0,0,0,0,0,0,0,0,0,0
3905,Eporing6,Eporing6,Eporing6,1,1,1,0,0,1,1,1,1,1,1,1,1,1,1,1,10,12,1,3,60,0,100,1872,672,480,0,0,0,0,0,0,0,0,0,0,0,0,0,0,0,0,0,0,0,0,0,0,0,0,0,0,0,0
3906,Eporing7,Eporing7,Eporing7,1,1,1,0,0,1,1,1,1,1,1,1,1,1,1,1,10,12,1,3,60,0,100,1872,672,480,0,0,0,0,0,0,0,0,0,0,0,0,0,0,0,0,0,0,0,0,0,0,0,0,0,0,0,0
3907,Eporing8,Eporing8,Eporing8,1,1,1,0,0,1,1,1,1,1,1,1,1,1,1,1,10,12,1,3,60,0,100,1872,672,480,0,0,0,0,0,0,0,0,0,0,0,0,0,0,0,0,0,0,0,0,0,0,0,0,0,0,0,0

//
3896,NPC,NPC,NPC,1,60,0,27,20,1,8,9,2,5,6,1,1,0,6,5,10,12,1,3,21,0x83,400,1872,672,480,0,0,0,0,0,0,0,0,909,7000,1202,100,938,400,512,1000,713,1500,512,150,619,20,0,0,0,0,0,0
3897,NPC,NPC,NPC,1,60,0,27,20,1,8,9,2,5,6,1,1,0,6,5,10,12,1,3,21,0x83,400,1872,672,480,0,0,0,0,0,0,0,0,909,7000,1202,100,938,400,512,1000,713,1500,512,150,619,20,0,0,0,0,0,0
3898,NPC,NPC,NPC,1,60,0,27,20,1,8,9,2,5,6,1,1,0,6,5,10,12,1,3,21,0x83,400,1872,672,480,0,0,0,0,0,0,0,0,909,7000,1202,100,938,400,512,1000,713,1500,512,150,619,20,0,0,0,0,0,0
3899,NPC,NPC,NPC,1,60,0,27,20,1,8,9,2,5,6,1,1,0,6,5,10,12,1,3,21,0x83,400,1872,672,480,0,0,0,0,0,0,0,0,909,7000,1202,100,938,400,512,1000,713,1500,512,150,619,20,0,0,0,0,0,0
3800,NPC,NPC,NPC,1,60,0,27,20,1,8,9,2,5,6,1,1,0,6,5,10,12,1,3,21,0x83,400,1872,672,480,0,0,0,0,0,0,0,0,909,7000,1202,100,938,400,512,1000,713,1500,512,150,619,20,0,0,0,0,0,0
3801,NPC,NPC,NPC,1,60,0,27,20,1,8,9,2,5,6,1,1,0,6,5,10,12,1,3,21,0x83,400,1872,672,480,0,0,0,0,0,0,0,0,909,7000,1202,100,938,400,512,1000,713,1500,512,150,619,20,0,0,0,0,0,0
3802,NPC,NPC,NPC,1,60,0,27,20,1,8,9,2,5,6,1,1,0,6,5,10,12,1,3,21,0x83,400,1872,672,480,0,0,0,0,0,0,0,0,909,7000,1202,100,938,400,512,1000,713,1500,512,150,619,20,0,0,0,0,0,0
3803,NPC,NPC,NPC,1,60,0,27,20,1,8,9,2,5,6,1,1,0,6,5,10,12,1,3,21,0x83,400,1872,672,480,0,0,0,0,0,0,0,0,909,7000,1202,100,938,400,512,1000,713,1500,512,150,619,20,0,0,0,0,0,0
3805,NPC,NPC,NPC,1,60,0,27,20,1,8,9,2,5,6,1,1,0,6,5,10,12,1,3,21,0x83,400,1872,672,480,0,0,0,0,0,0,0,0,909,7000,1202,100,938,400,512,1000,713,1500,512,150,619,20,0,0,0,0,0,0
3823,NPC,NPC,NPC,1,60,0,27,20,1,8,9,2,5,6,1,1,0,6,5,10,12,1,3,21,0x83,400,1872,672,480,0,0,0,0,0,0,0,0,909,7000,1202,100,938,400,512,1000,713,1500,512,150,619,20,0,0,0,0,0,0

//1725,R_PORING,Poring,Poring,1,60,0,27,20,1,8,9,2,5,6,1,1,0,6,5,10,12,1,3,21,0x83,400,1872,672,480,0,0,0,0,0,0,0,0,0,0,0,0,0,0,0,0,0,0,0,0,0,0,0,0,0,0,0,0
